Sample	FastQC_mqc-generalstats-fastqc-percent_duplicates	FastQC_mqc-generalstats-fastqc-percent_gc	FastQC_mqc-generalstats-fastqc-avg_sequence_length	FastQC_mqc-generalstats-fastqc-percent_fails	FastQC_mqc-generalstats-fastqc-total_sequences
Gmi-ABas_001-Ex1-b-cssl2.1	65.45196957552602	51.0	150.0	27.27272727272727	5638634.0
Gmi-ABas_001-Ex1-b-cssl2.2	60.993094356028514	51.0	150.0	27.27272727272727	5638634.0
Gmi-ABas_003-Ex1-b-cssl2.1	48.830669069932654	50.0	150.0	18.181818181818183	4422095.0
Gmi-ABas_003-Ex1-b-cssl2.2	44.46336190483986	50.0	150.0	18.181818181818183	4422095.0
Gmi-ABas_004-Ex1-b-cssl2.1	54.977537766463385	52.0	150.0	27.27272727272727	3117856.0
Gmi-ABas_004-Ex1-b-cssl2.2	49.71762319388148	51.0	150.0	27.27272727272727	3117856.0
Gmi-ABas_008-Ex1-b-cssl.1	50.12730870893141	66.0	150.0	27.27272727272727	10385921.0
Gmi-ABas_008-Ex1-b-cssl.2	43.52486038189092	66.0	150.0	18.181818181818183	10385921.0
Gmi-ABas_009-Ex1-b-cssl.1	48.97961842630559	49.0	150.0	18.181818181818183	5476261.0
Gmi-ABas_009-Ex1-b-cssl.2	46.49886279916204	48.0	150.0	27.27272727272727	5476261.0
Gmi-ABas_010-Ex1-b-cssl.1	49.79844389636469	48.0	150.0	18.181818181818183	5930422.0
Gmi-ABas_010-Ex1-b-cssl.2	46.947772677864606	48.0	150.0	27.27272727272727	5930422.0
Gmi-ABas_011-Ex1-b-cssl.1	60.33577388704485	51.0	150.0	27.27272727272727	4711386.0
Gmi-ABas_011-Ex1-b-cssl.2	56.573066015190015	51.0	150.0	27.27272727272727	4711386.0
Gmi-ABas_012-Ex1-b-cssl.1	60.00629777419607	49.0	150.0	27.27272727272727	6727803.0
Gmi-ABas_012-Ex1-b-cssl.2	56.40439576013425	49.0	150.0	27.27272727272727	6727803.0
Gmi-ABas_013-Ex1-b-cssl.1	58.39054579846496	50.0	150.0	27.27272727272727	4040317.0
Gmi-ABas_013-Ex1-b-cssl.2	54.78012270276997	49.0	150.0	27.27272727272727	4040317.0
Gmi-ABas_014-Ex1-b-cssl.1	53.92399191499435	49.0	150.0	27.27272727272727	666415.0
Gmi-ABas_014-Ex1-b-cssl.2	50.26460926064381	48.0	150.0	27.27272727272727	666415.0
Gmi-ABas_015-Ex1-b-cssl.1	58.733824848907936	47.0	150.0	27.27272727272727	5986648.0
Gmi-ABas_015-Ex1-b-cssl.2	56.1033339846548	47.0	150.0	27.27272727272727	5986648.0
Gmi-ABas_016-Ex1-b-cssl.1	60.4320838440124	50.0	150.0	27.27272727272727	6891604.0
Gmi-ABas_016-Ex1-b-cssl.2	56.74286543750869	50.0	150.0	27.27272727272727	6891604.0
Gmi-ABas_017-Ex1-b-cssl2.1	58.48451941642773	47.0	150.0	27.27272727272727	5882487.0
Gmi-ABas_017-Ex1-b-cssl2.2	55.873079675056694	46.0	150.0	36.36363636363637	5882487.0
Gmi-ABas_018-Ex1-b-cssl2.1	51.20285408808253	46.0	150.0	18.181818181818183	6211829.0
Gmi-ABas_018-Ex1-b-cssl2.2	49.23193151868723	45.0	150.0	18.181818181818183	6211829.0
Gmi-ABas_019-Ex1-b-cssl2.1	47.10995587113484	47.0	150.0	9.090909090909092	4456017.0
Gmi-ABas_019-Ex1-b-cssl2.2	45.41660801234937	46.0	150.0	9.090909090909092	4456017.0
Gmi-ABas_022-Ex1-b-cssl2.1	42.760483469723845	46.0	150.0	9.090909090909092	5224680.0
Gmi-ABas_022-Ex1-b-cssl2.2	41.268280432614446	45.0	150.0	18.181818181818183	5224680.0
Gmi-ABas_024-Ex1-b-cssl.1	57.44797117715185	48.0	150.0	27.27272727272727	5608165.0
Gmi-ABas_024-Ex1-b-cssl.2	54.079028153425554	48.0	150.0	36.36363636363637	5608165.0
Gmi-ABas_025-Ex1-b-cssl.1	66.32458506120616	46.0	150.0	27.27272727272727	5014796.0
Gmi-ABas_025-Ex1-b-cssl.2	63.304245923003236	46.0	150.0	27.27272727272727	5014796.0
Gmi-ABas_026-Ex1-b-cssl.1	85.30669500795707	47.0	150.0	27.27272727272727	9856980.0
Gmi-ABas_026-Ex1-b-cssl.2	81.10361012928665	47.0	150.0	27.27272727272727	9856980.0
Gmi-ABas_027-Ex1-b-cssl.1	86.96032810888659	47.0	150.0	27.27272727272727	11121000.0
Gmi-ABas_027-Ex1-b-cssl.2	82.85658638064933	47.0	150.0	27.27272727272727	11121000.0
Gmi-ABas_028-Ex1-b-cssl2.1	83.36947061303673	46.0	150.0	27.27272727272727	9680605.0
Gmi-ABas_028-Ex1-b-cssl2.2	79.6456018313492	45.0	150.0	36.36363636363637	9680605.0
Gmi-ABas_029-Ex1-b-cssl.1	85.60399552087463	48.0	150.0	27.27272727272727	9738844.0
Gmi-ABas_029-Ex1-b-cssl.2	81.69567111022826	47.0	150.0	36.36363636363637	9738844.0
Gmi-ABas_030-Ex1-b-cssl2.1	82.99597508235465	48.0	150.0	27.27272727272727	7949822.0
Gmi-ABas_030-Ex1-b-cssl2.2	79.11719979077762	47.0	150.0	27.27272727272727	7949822.0
Gmi-ABas_031-Ex1-b-cssl.1	84.55089889294518	47.0	150.0	27.27272727272727	9673297.0
Gmi-ABas_031-Ex1-b-cssl.2	80.69737645124853	47.0	150.0	27.27272727272727	9673297.0
Gmi-ABas_032-Ex1-b-cssl.1	83.35781108430285	47.0	150.0	27.27272727272727	8860979.0
Gmi-ABas_032-Ex1-b-cssl.2	80.30063827148187	46.0	150.0	36.36363636363637	8860979.0
Gmi-ABas_033-Ex1-b-cssl2.1	83.11562515487321	46.0	150.0	27.27272727272727	8675376.0
Gmi-ABas_033-Ex1-b-cssl2.2	80.26098509580281	46.0	150.0	27.27272727272727	8675376.0
Gmi-ABas_034-Ex1-b-cssl2.1	83.62299704086576	46.0	150.0	27.27272727272727	8070250.0
Gmi-ABas_034-Ex1-b-cssl2.2	80.55043244281666	46.0	150.0	27.27272727272727	8070250.0
Gmi-ABas_035-Ex1-b-cssl2.1	82.1110845673896	49.0	150.0	27.27272727272727	9583212.0
Gmi-ABas_035-Ex1-b-cssl2.2	78.61619549350692	49.0	150.0	27.27272727272727	9583212.0
Gmi-ABas_036-Ex1-b-cssl.1	84.09224848216412	46.0	150.0	27.27272727272727	9919592.0
Gmi-ABas_036-Ex1-b-cssl.2	81.14338579146138	46.0	150.0	36.36363636363637	9919592.0
Gmi-ABas_037-Ex1-b-cssl.1	85.5797963467285	46.0	150.0	27.27272727272727	13301508.0
Gmi-ABas_037-Ex1-b-cssl.2	82.64272851433222	46.0	150.0	36.36363636363637	13301508.0
Gmi-ABas_038-Ex1-b-cssl.1	82.19152875072798	48.0	150.0	27.27272727272727	9951853.0
Gmi-ABas_038-Ex1-b-cssl.2	79.32323601543787	47.0	150.0	27.27272727272727	9951853.0
Gmi-ABas_039-Ex1-b-cssl.1	81.55595610566208	47.0	150.0	27.27272727272727	7823712.0
Gmi-ABas_039-Ex1-b-cssl.2	78.52207920674371	47.0	150.0	27.27272727272727	7823712.0
Gmi-ABas_040-Ex1-b-cssl.1	85.60834869441639	46.0	150.0	27.27272727272727	11109294.0
Gmi-ABas_040-Ex1-b-cssl.2	82.91222068597509	46.0	150.0	36.36363636363637	11109294.0
Gmi-ABas_041-Ex1-b-cssl.1	84.42252088198927	47.0	150.0	27.27272727272727	11287756.0
Gmi-ABas_041-Ex1-b-cssl.2	81.7331093027719	47.0	150.0	27.27272727272727	11287756.0
Gmi-ABas_042-Ex1-b-cssl.1	84.28027677792768	46.0	150.0	27.27272727272727	8991718.0
Gmi-ABas_042-Ex1-b-cssl.2	81.4704530411759	46.0	150.0	27.27272727272727	8991718.0
Gmi-ABas_043-Ex1-b-cssl.1	84.17407005201174	46.0	150.0	27.27272727272727	8987145.0
Gmi-ABas_043-Ex1-b-cssl.2	81.22878983456769	46.0	150.0	27.27272727272727	8987145.0
Gmi-ABas_045-Ex1-b-cssl2.1	90.53685815799174	33.0	150.0	27.27272727272727	16766178.0
Gmi-ABas_045-Ex1-b-cssl2.2	88.3254264741146	33.0	150.0	36.36363636363637	16766178.0
Gmi-ABas_046-Ex1-b-cssl.1	85.60708839684867	47.0	150.0	27.27272727272727	12768959.0
Gmi-ABas_046-Ex1-b-cssl.2	82.85245416995365	47.0	150.0	36.36363636363637	12768959.0
Gmi-ABas_047-Ex1-b-cssl2.1	81.11604685201573	45.0	150.0	27.27272727272727	9581740.0
Gmi-ABas_047-Ex1-b-cssl2.2	78.77277560837307	45.0	150.0	27.27272727272727	9581740.0
Gmi-ABas_048-Ex1-b-cssl.1	83.02740852385026	47.0	150.0	27.27272727272727	10252711.0
Gmi-ABas_048-Ex1-b-cssl.2	80.27616095713765	47.0	150.0	27.27272727272727	10252711.0
Gmi-ABas_049-Ex1-b-cssl2.1	90.46894730347061	34.0	150.0	27.27272727272727	21875288.0
Gmi-ABas_049-Ex1-b-cssl2.2	87.20099624043489	34.0	150.0	36.36363636363637	21875288.0
Gmi-ABas_050-Ex1-b-cssl.1	84.77658223085113	46.0	150.0	27.27272727272727	13990708.0
Gmi-ABas_050-Ex1-b-cssl.2	80.79764470189667	46.0	150.0	27.27272727272727	13990708.0
Gmi-ABas_051-Ex1-b-cssl.1	85.33865313146987	46.0	150.0	27.27272727272727	13917174.0
Gmi-ABas_051-Ex1-b-cssl.2	81.66868481575787	46.0	150.0	27.27272727272727	13917174.0
Gmi-ABas_052-Ex1-b-cssl.1	86.48776446353659	46.0	150.0	27.27272727272727	13920797.0
Gmi-ABas_052-Ex1-b-cssl.2	82.71172669379357	46.0	150.0	27.27272727272727	13920797.0
Gmi-ABas_053-Ex1-b-cssl.1	88.6248972217122	45.0	150.0	27.27272727272727	20830932.0
Gmi-ABas_053-Ex1-b-cssl.2	85.40535051803005	45.0	150.0	36.36363636363637	20830932.0
Gmi-ABas_055-Ex1-b-cssl2.1	85.23632253204904	46.0	150.0	27.27272727272727	15380971.0
Gmi-ABas_055-Ex1-b-cssl2.2	81.56795540773506	45.0	150.0	36.36363636363637	15380971.0
Gmi-ABas_056-Ex1-b-cssl.1	85.61314474780066	46.0	150.0	27.27272727272727	15463153.0
Gmi-ABas_056-Ex1-b-cssl.2	82.17663866980381	45.0	150.0	27.27272727272727	15463153.0
Gmi-ABas_057-Ex1-b-cssl.1	85.25091645015166	47.0	150.0	27.27272727272727	15028361.0
Gmi-ABas_057-Ex1-b-cssl.2	81.42986056247231	47.0	150.0	27.27272727272727	15028361.0
Gmi-ABas_058-Ex1-b-cssl2.1	82.36670399059736	46.0	150.0	27.27272727272727	9724950.0
Gmi-ABas_058-Ex1-b-cssl2.2	78.26685836200878	46.0	150.0	36.36363636363637	9724950.0
Gmi-ABas_059-Ex1-b-cssl2.1	80.80710387283237	47.0	150.0	27.27272727272727	9310062.0
Gmi-ABas_059-Ex1-b-cssl2.2	76.74910320507739	46.0	150.0	27.27272727272727	9310062.0
Gmi-ABas_060-Ex1-b-cssl2.1	81.9106921622834	45.0	150.0	27.27272727272727	9535436.0
Gmi-ABas_060-Ex1-b-cssl2.2	77.74134505542382	44.0	150.0	36.36363636363637	9535436.0
Gmi-ABas_061-Ex1-b-cssl.1	83.8709824918179	47.0	150.0	27.27272727272727	10094307.0
Gmi-ABas_061-Ex1-b-cssl.2	79.6501707194314	47.0	150.0	36.36363636363637	10094307.0
Gmi-AHam_001-Ex1-cssl2.1	50.76956711602805	47.0	150.0	18.181818181818183	6670863.0
Gmi-AHam_001-Ex1-cssl2.2	48.234666057482436	47.0	150.0	9.090909090909092	6670863.0
Gmi-AHam_002-Ex1-cssl2.1	73.05178350177373	49.0	150.0	27.27272727272727	11002708.0
Gmi-AHam_002-Ex1-cssl2.2	69.42446301147231	49.0	150.0	27.27272727272727	11002708.0
Gmi-AHam_005-Ex1-cssl.1	59.428104009698885	51.0	150.0	27.27272727272727	9474323.0
Gmi-AHam_005-Ex1-cssl.2	57.015317114146185	50.0	150.0	18.181818181818183	9474323.0
Gmi-AHam_006-Ex1-cssl.1	87.53086554165684	34.0	150.0	27.27272727272727	16644182.0
Gmi-AHam_006-Ex1-cssl.2	85.31314790021017	34.0	150.0	27.27272727272727	16644182.0
Gmi-AHam_007-Ex1-cssl.1	85.63257565833743	41.0	150.0	27.27272727272727	27882734.0
Gmi-AHam_007-Ex1-cssl.2	82.81283458513214	41.0	150.0	27.27272727272727	27882734.0
Gmi-AHam_008-Ex1-cssl.1	76.89581173882307	35.0	150.0	27.27272727272727	17870295.0
Gmi-AHam_008-Ex1-cssl.2	75.09916129543306	35.0	150.0	27.27272727272727	17870295.0
Gmi-AHam_009-Ex1-cssl.1	66.46948868550416	40.0	150.0	27.27272727272727	14864931.0
Gmi-AHam_009-Ex1-cssl.2	64.0643006634829	39.0	150.0	27.27272727272727	14864931.0
Gmi-AHam_012-Ex1-cssl.1	50.1583555838756	48.0	150.0	18.181818181818183	12323494.0
Gmi-AHam_012-Ex1-cssl.2	48.640551402095944	48.0	150.0	9.090909090909092	12323494.0
Gmi-AHam_013-Ex1-cssl2.1	71.49843166969083	46.0	150.0	18.181818181818183	9602533.0
Gmi-AHam_013-Ex1-cssl2.2	68.53238636104376	46.0	150.0	18.181818181818183	9602533.0
Gmi-AHam_015-Ex1-cssl2.1	70.91497411097345	42.0	150.0	27.27272727272727	6669801.0
Gmi-AHam_015-Ex1-cssl2.2	66.62994687705586	42.0	150.0	27.27272727272727	6669801.0
Gmi-AHam_016-Ex1-cssl2.1	77.84667457668237	40.0	150.0	27.27272727272727	9414499.0
Gmi-AHam_016-Ex1-cssl2.2	73.9289956971426	40.0	150.0	27.27272727272727	9414499.0
Gmi-AHam_019-Ex1-cssl.1	48.14781579640213	45.0	150.0	9.090909090909092	10370576.0
Gmi-AHam_019-Ex1-cssl.2	46.99597007958677	45.0	150.0	9.090909090909092	10370576.0
Gmi-AHam_020-Ex1-cssl.1	51.32680367124459	46.0	150.0	18.181818181818183	13165664.0
Gmi-AHam_020-Ex1-cssl.2	50.054744830448925	46.0	150.0	18.181818181818183	13165664.0
Gmi-AHam_021-Ex1-cssl.1	48.99577636527196	45.0	150.0	9.090909090909092	12816638.0
Gmi-AHam_021-Ex1-cssl.2	46.967945210357584	45.0	150.0	9.090909090909092	12816638.0
Gmi-AHam_022-Ex1-cssl.1	44.673226208737645	46.0	150.0	9.090909090909092	7745933.0
Gmi-AHam_022-Ex1-cssl.2	42.552068789068684	45.0	150.0	9.090909090909092	7745933.0
Gmi-AHam_023-Ex1-cssl.1	64.10666608336709	51.0	150.0	27.27272727272727	11754281.0
Gmi-AHam_023-Ex1-cssl.2	61.45023256852398	50.0	150.0	27.27272727272727	11754281.0
Gmi-AHam_024-Ex1-cssl.1	77.14167770499206	41.0	150.0	27.27272727272727	19225101.0
Gmi-AHam_024-Ex1-cssl.2	74.20339740145482	41.0	150.0	27.27272727272727	19225101.0
Gmi-AHam_025-Ex1-cssl.1	43.2270918912246	45.0	150.0	9.090909090909092	6866547.0
Gmi-AHam_025-Ex1-cssl.2	41.46118329716684	44.0	150.0	9.090909090909092	6866547.0
Gmi-AHam_034-Ex1-cssl.1	80.79809411931366	43.0	150.0	27.27272727272727	18163442.0
Gmi-AHam_034-Ex1-cssl.2	76.42234040197837	42.0	150.0	27.27272727272727	18163442.0
Gmi-AHam_036-Ex1-cssl.1	70.08796472417214	42.0	150.0	27.27272727272727	13368059.0
Gmi-AHam_036-Ex1-cssl.2	67.59125072417845	41.0	150.0	27.27272727272727	13368059.0
Gmi-AHam_038-Ex1-cssl.1	42.575723692990266	46.0	150.0	9.090909090909092	5602191.0
Gmi-AHam_038-Ex1-cssl.2	40.96186762998409	45.0	150.0	9.090909090909092	5602191.0
Gmi-AHam_040-Ex1-cssl.1	84.67726855940312	36.0	150.0	27.27272727272727	22005562.0
Gmi-AHam_040-Ex1-cssl.2	81.54987689332397	36.0	150.0	27.27272727272727	22005562.0
Gmi-AHam_043-Ex1-cssl.1	73.01179049668876	37.0	150.0	27.27272727272727	12559697.0
Gmi-AHam_043-Ex1-cssl.2	71.69944265903322	37.0	150.0	27.27272727272727	12559697.0
Gmi-AHam_044-Ex1-cssl.1	76.57012750551155	42.0	150.0	27.27272727272727	18499066.0
Gmi-AHam_044-Ex1-cssl.2	73.94975667856166	42.0	150.0	27.27272727272727	18499066.0
Gmi-AHam_045-Ex1-cssl.1	71.55808637994608	42.0	150.0	27.27272727272727	26977031.0
Gmi-AHam_045-Ex1-cssl.2	68.6265382329678	42.0	150.0	27.27272727272727	26977031.0
Gmi-AHam_046-Ex1-cssl.1	71.252222327146	41.0	150.0	27.27272727272727	19812951.0
Gmi-AHam_046-Ex1-cssl.2	68.0987831864668	41.0	150.0	27.27272727272727	19812951.0
Gmi-AHam_047-Ex1-cssl.1	87.40643638527187	34.0	150.0	27.27272727272727	19437425.0
Gmi-AHam_047-Ex1-cssl.2	84.88646729720905	33.0	150.0	27.27272727272727	19437425.0
Gmi-AHam_048-Ex1-cssl.1	87.54944191741885	40.0	150.0	27.27272727272727	25605864.0
Gmi-AHam_048-Ex1-cssl.2	84.44828707650574	40.0	150.0	27.27272727272727	25605864.0
Gmi-AHam_049-Ex1-cssl.1	85.75022401292202	40.0	150.0	27.27272727272727	13155001.0
Gmi-AHam_049-Ex1-cssl.2	81.23279647537063	40.0	150.0	27.27272727272727	13155001.0
Gmi-AHam_050-Ex1-cssl.1	43.73682047588022	46.0	150.0	9.090909090909092	7637376.0
Gmi-AHam_050-Ex1-cssl.2	41.85020072485421	45.0	150.0	9.090909090909092	7637376.0
Gmi-AHam_051-Ex1-cssl.1	75.2079218899406	38.0	150.0	27.27272727272727	13933360.0
Gmi-AHam_051-Ex1-cssl.2	71.71859481856063	37.0	150.0	27.27272727272727	13933360.0
Gmi-AHam_052-Ex1-cssl.1	63.62667085488633	52.0	150.0	18.181818181818183	8506526.0
Gmi-AHam_052-Ex1-cssl.2	59.34010809666789	52.0	150.0	18.181818181818183	8506526.0
Gmi-AHam_053-Ex1-cssl.1	63.744261603930106	44.0	150.0	27.27272727272727	8984378.0
Gmi-AHam_053-Ex1-cssl.2	61.222484790206835	44.0	150.0	27.27272727272727	8984378.0
Gmi-AHam_054-Ex1-cssl.1	40.60592006541132	45.0	150.0	9.090909090909092	7328557.0
Gmi-AHam_054-Ex1-cssl.2	39.08275653578354	44.0	150.0	9.090909090909092	7328557.0
Gmi-AHam_056-Ex1-cssl.1	65.47394747452029	42.0	150.0	27.27272727272727	13331548.0
Gmi-AHam_056-Ex1-cssl.2	62.32491182377828	42.0	150.0	27.27272727272727	13331548.0
Gmi-AHam_057-Ex1-cssl.1	81.69541890295677	37.0	150.0	27.27272727272727	23015260.0
Gmi-AHam_057-Ex1-cssl.2	78.99506478337472	37.0	150.0	27.27272727272727	23015260.0
Gmi-AHam_058-Ex1-cssl.1	70.4855167475438	39.0	150.0	27.27272727272727	14912281.0
Gmi-AHam_058-Ex1-cssl.2	67.48446136302549	38.0	150.0	27.27272727272727	14912281.0
Gmi-AHam_059-Ex1-cssl.1	88.58262067606688	34.0	150.0	27.27272727272727	19000831.0
Gmi-AHam_059-Ex1-cssl.2	85.87051980282037	33.0	150.0	27.27272727272727	19000831.0
Gmi-AHam_061-Ex1-cssl.1	85.25051084295104	35.0	150.0	27.27272727272727	16775724.0
Gmi-AHam_061-Ex1-cssl.2	82.17473299381743	35.0	150.0	27.27272727272727	16775724.0
Gmi-AHam_062-Ex1-cssl.1	50.910177283655976	47.0	150.0	18.181818181818183	7327086.0
Gmi-AHam_062-Ex1-cssl.2	48.16546066938181	47.0	150.0	9.090909090909092	7327086.0
Gmi-AHam_063-Ex1-cssl.1	68.03059317606025	40.0	150.0	27.27272727272727	13516901.0
Gmi-AHam_063-Ex1-cssl.2	65.15333802262195	39.0	150.0	27.27272727272727	13516901.0
Gmi-AHam_064-Ex1-cssl.1	67.95438190551536	42.0	150.0	27.27272727272727	14099234.0
Gmi-AHam_064-Ex1-cssl.2	64.1442009666824	41.0	150.0	27.27272727272727	14099234.0
Gmi-AHam_066-Ex1-cssl.1	73.90941213935332	38.0	150.0	27.27272727272727	11870881.0
Gmi-AHam_066-Ex1-cssl.2	71.13852912340566	38.0	150.0	27.27272727272727	11870881.0
Gmi-AHam_067-Ex1-cssl.1	89.0844607696618	34.0	150.0	27.27272727272727	33104464.0
Gmi-AHam_067-Ex1-cssl.2	87.15761572087405	34.0	150.0	27.27272727272727	33104464.0
Gmi-AHam_068-Ex1-cssl.1	82.57343476375021	42.0	150.0	27.27272727272727	19963056.0
Gmi-AHam_068-Ex1-cssl.2	78.53438760599408	42.0	150.0	27.27272727272727	19963056.0
Gmi-AHam_069-Ex1-cssl.1	87.95119115880162	33.0	150.0	27.27272727272727	18837711.0
Gmi-AHam_069-Ex1-cssl.2	84.9292525104755	33.0	150.0	36.36363636363637	18837711.0
Gmi-AHam_070-Ex1-cssl.1	74.96921210751854	38.0	150.0	27.27272727272727	16465219.0
Gmi-AHam_070-Ex1-cssl.2	72.41946980441205	37.0	150.0	27.27272727272727	16465219.0
Gmi-AHam_071-Ex1-cssl.1	65.69987581685038	54.0	150.0	18.181818181818183	10532243.0
Gmi-AHam_071-Ex1-cssl.2	62.19740957331554	54.0	150.0	18.181818181818183	10532243.0
Gmi-AHam_072-Ex1-cssl.1	90.4606441102016	33.0	150.0	27.27272727272727	28597785.0
Gmi-AHam_072-Ex1-cssl.2	87.84941708952036	33.0	150.0	27.27272727272727	28597785.0
Gmi-AHam_073-Ex1-cssl.1	84.29776872530232	34.0	150.0	27.27272727272727	11556954.0
Gmi-AHam_073-Ex1-cssl.2	81.53355107118034	34.0	150.0	27.27272727272727	11556954.0
Gmi-AHam_074-Ex1-cssl2.1	87.0460213206027	34.0	150.0	27.27272727272727	7114895.0
Gmi-AHam_074-Ex1-cssl2.2	83.11951548142018	33.0	150.0	27.27272727272727	7114895.0
Gmi-AHam_075-Ex1-cssl.1	80.14251252567541	36.0	150.0	27.27272727272727	20184328.0
Gmi-AHam_075-Ex1-cssl.2	77.4308275308268	35.0	150.0	27.27272727272727	20184328.0
Gmi-AHam_076-Ex1-cssl.1	66.85687260643883	42.0	150.0	27.27272727272727	20824270.0
Gmi-AHam_076-Ex1-cssl.2	63.69535828560669	42.0	150.0	27.27272727272727	20824270.0
Gmi-AHam_077-Ex1-cssl.1	80.35761288662664	35.0	150.0	27.27272727272727	15252298.0
Gmi-AHam_077-Ex1-cssl.2	78.17550634366862	35.0	150.0	27.27272727272727	15252298.0
Gmi-AHam_080-Ex1-cssl.1	85.17466477966433	35.0	150.0	27.27272727272727	14541359.0
Gmi-AHam_080-Ex1-cssl.2	81.91196909425982	35.0	150.0	27.27272727272727	14541359.0
Gmi-AHam_081-Ex1-cssl.1	70.81508789073567	42.0	150.0	27.27272727272727	12772159.0
Gmi-AHam_081-Ex1-cssl.2	67.66715476155582	41.0	150.0	27.27272727272727	12772159.0
Gmi-AHam_082-Ex1-cssl.1	78.942976774973	37.0	150.0	27.27272727272727	14820028.0
Gmi-AHam_082-Ex1-cssl.2	76.65392965012008	37.0	150.0	27.27272727272727	14820028.0
Gmi-AHam_084-Ex1-cssl.1	74.08450399741068	37.0	150.0	27.27272727272727	16146587.0
Gmi-AHam_084-Ex1-cssl.2	71.76160360492142	37.0	150.0	27.27272727272727	16146587.0
Gmi-AHam_086-Ex1-cssl.1	65.94174224583173	42.0	150.0	27.27272727272727	13748397.0
Gmi-AHam_086-Ex1-cssl.2	63.420078854873005	41.0	150.0	27.27272727272727	13748397.0
Gmi-AHam_087-Ex1-cssl.1	70.3068408516308	38.0	150.0	27.27272727272727	20398551.0
Gmi-AHam_087-Ex1-cssl.2	67.81734080280737	38.0	150.0	27.27272727272727	20398551.0
Gmi-AHam_088-Ex1-cssl.1	66.74192757857833	38.0	150.0	27.27272727272727	12122797.0
Gmi-AHam_088-Ex1-cssl.2	64.86063751744882	38.0	150.0	27.27272727272727	12122797.0
Gmi-AHam_090-Ex1-cssl.1	64.92970123389428	39.0	150.0	27.27272727272727	10963999.0
Gmi-AHam_090-Ex1-cssl.2	62.93389332923193	39.0	150.0	27.27272727272727	10963999.0
Gmi-AHam_091-Ex1-cssl.1	76.47933251395105	48.0	150.0	27.27272727272727	12473510.0
Gmi-AHam_091-Ex1-cssl.2	74.51358886611723	48.0	150.0	27.27272727272727	12473510.0
Gmi-AHam_092-Ex1-cssl.1	84.17389490192609	41.0	150.0	27.27272727272727	29436132.0
Gmi-AHam_092-Ex1-cssl.2	80.32543804855524	41.0	150.0	27.27272727272727	29436132.0
Gmi-AHam_093-Ex1-cssl.1	82.9570207758201	33.0	150.0	27.27272727272727	18254366.0
Gmi-AHam_093-Ex1-cssl.2	80.35205770940621	33.0	150.0	27.27272727272727	18254366.0
Gmi-AHam_094-Ex1-cssl.1	73.69792016767367	37.0	150.0	27.27272727272727	13916835.0
Gmi-AHam_094-Ex1-cssl.2	71.77668039854655	36.0	150.0	27.27272727272727	13916835.0
Gmi-AHam_095-Ex1-cssl.1	78.10119144950673	36.0	150.0	27.27272727272727	19944297.0
Gmi-AHam_095-Ex1-cssl.2	76.13530435543935	35.0	150.0	27.27272727272727	19944297.0
Gmi-AHam_096-Ex1-cssl.1	68.37938500319939	40.0	150.0	18.181818181818183	15340449.0
Gmi-AHam_096-Ex1-cssl.2	66.05772697154538	39.0	150.0	18.181818181818183	15340449.0
Gmi-CBas_003-Ex1-cssl.1	63.09308221548796	46.0	150.0	18.181818181818183	1417474.0
Gmi-CBas_003-Ex1-cssl.2	58.10713465727883	47.0	150.0	18.181818181818183	1417474.0
Gmi-CBas_004-Ex1-cssl.1	61.40739471306576	47.0	150.0	18.181818181818183	4172087.0
Gmi-CBas_004-Ex1-cssl.2	56.6136670691853	47.0	150.0	18.181818181818183	4172087.0
Gmi-CBas_005-Ex1-cssl.1	62.27946617009327	47.0	150.0	18.181818181818183	5347586.0
Gmi-CBas_005-Ex1-cssl.2	57.338773398023235	47.0	150.0	18.181818181818183	5347586.0
Gmi-CBas_006-Ex1-cssl2.1	61.059342107119726	48.0	150.0	18.181818181818183	3378497.0
Gmi-CBas_006-Ex1-cssl2.2	56.0692142251503	48.0	150.0	18.181818181818183	3378497.0
Gmi-CBas_007-Ex1-cssl2.1	56.6842292221209	47.0	150.0	18.181818181818183	6925261.0
Gmi-CBas_007-Ex1-cssl2.2	52.2141798515604	47.0	150.0	18.181818181818183	6925261.0
Gmi-CBas_009-Ex1-cssl.1	60.685726131057756	47.0	150.0	18.181818181818183	8550616.0
Gmi-CBas_009-Ex1-cssl.2	56.220597020294875	47.0	150.0	18.181818181818183	8550616.0
Gmi-CBas_010-Ex1-cssl.1	62.84221693718208	47.0	150.0	27.27272727272727	3930811.0
Gmi-CBas_010-Ex1-cssl.2	58.09452609827556	47.0	150.0	27.27272727272727	3930811.0
Gmi-CBas_012-Ex1-cssl2.1	57.28452876443108	47.0	150.0	18.181818181818183	4136540.0
Gmi-CBas_012-Ex1-cssl2.2	52.173171057756605	47.0	150.0	18.181818181818183	4136540.0
Gmi-CBas_013-Ex1-cssl2.1	57.38962731277916	48.0	150.0	18.181818181818183	4276211.0
Gmi-CBas_013-Ex1-cssl2.2	51.46260669996438	48.0	150.0	18.181818181818183	4276211.0
Gmi-CBas_014-Ex1-cssl2.1	58.74064225316687	48.0	150.0	18.181818181818183	4195787.0
Gmi-CBas_014-Ex1-cssl2.2	53.938017909374466	48.0	150.0	18.181818181818183	4195787.0
Gmi-CBas_015-Ex1-cssl2.1	54.162829087034545	47.0	150.0	18.181818181818183	11135101.0
Gmi-CBas_015-Ex1-cssl2.2	48.920129851023155	47.0	150.0	9.090909090909092	11135101.0
Gmi-CBas_016-Ex1-cssl2.1	57.03016243773906	48.0	150.0	18.181818181818183	15293765.0
Gmi-CBas_016-Ex1-cssl2.2	51.30245207415858	48.0	150.0	18.181818181818183	15293765.0
Gmi-CBas_017-Ex1-cssl2.1	56.98612013401599	47.0	150.0	18.181818181818183	9986266.0
Gmi-CBas_017-Ex1-cssl2.2	53.27625035016273	47.0	150.0	18.181818181818183	9986266.0
Gmi-CBas_019-Ex1-cssl2.1	57.38625736842404	48.0	150.0	18.181818181818183	14114923.0
Gmi-CBas_019-Ex1-cssl2.2	53.9142266221937	48.0	150.0	18.181818181818183	14114923.0
Gmi-CBas_023-Ex1-cssl2.1	55.11289511663907	48.0	150.0	18.181818181818183	14140961.0
Gmi-CBas_023-Ex1-cssl2.2	52.1728354500014	48.0	150.0	18.181818181818183	14140961.0
Gmi-CBas_024-Ex1-cssl2.1	58.22112949140745	47.0	150.0	18.181818181818183	6698530.0
Gmi-CBas_024-Ex1-cssl2.2	53.301075076766544	47.0	150.0	18.181818181818183	6698530.0
Gmi-CBas_026-Ex1-cssl2.1	56.05863132341148	47.0	150.0	18.181818181818183	9630026.0
Gmi-CBas_026-Ex1-cssl2.2	51.64420970200038	47.0	150.0	18.181818181818183	9630026.0
Gmi-CBas_027-Ex1-cssl2.1	56.51001167900399	48.0	150.0	18.181818181818183	13442280.0
Gmi-CBas_027-Ex1-cssl2.2	52.80197022131447	48.0	150.0	18.181818181818183	13442280.0
Gmi-CBas_028-Ex1-cssl.1	60.086096156539796	47.0	150.0	27.27272727272727	7130332.0
Gmi-CBas_028-Ex1-cssl.2	56.31356683829743	47.0	150.0	27.27272727272727	7130332.0
Gmi-CBas_029-Ex1-cssl2.1	55.09952909167802	48.0	150.0	18.181818181818183	13933899.0
Gmi-CBas_029-Ex1-cssl2.2	50.63639064638447	47.0	150.0	18.181818181818183	13933899.0
Gmi-CBas_033-Ex1-cssl2.1	61.08632359395239	47.0	150.0	18.181818181818183	6491439.0
Gmi-CBas_033-Ex1-cssl2.2	56.535772719811035	48.0	150.0	18.181818181818183	6491439.0
Gmi-CBas_034-Ex1-cssl2.1	57.16164773631661	48.0	150.0	18.181818181818183	15109276.0
Gmi-CBas_034-Ex1-cssl2.2	53.7210346451301	48.0	150.0	18.181818181818183	15109276.0
Gmi-CBas_039-Ex1-cssl2.1	62.33378096518369	48.0	150.0	18.181818181818183	10062355.0
Gmi-CBas_039-Ex1-cssl2.2	56.747416774029844	49.0	150.0	18.181818181818183	10062355.0
Gmi-CBas_041-Ex1-cssl2.1	59.76388547996077	48.0	150.0	18.181818181818183	9157505.0
Gmi-CBas_041-Ex1-cssl2.2	56.00272440604424	48.0	150.0	18.181818181818183	9157505.0
Gmi-CBas_045-Ex1-cssl2.1	63.33233487654421	48.0	150.0	18.181818181818183	5494838.0
Gmi-CBas_045-Ex1-cssl2.2	59.14340654088651	48.0	150.0	18.181818181818183	5494838.0
Gmi-CBas_046-Ex1-cssl.1	63.16204556187435	48.0	150.0	18.181818181818183	4013744.0
Gmi-CBas_046-Ex1-cssl.2	57.48897341126465	48.0	150.0	18.181818181818183	4013744.0
Gmi-CBas_047-Ex1-cssl.1	65.05239420261628	48.0	150.0	18.181818181818183	4749268.0
Gmi-CBas_047-Ex1-cssl.2	59.795792628187755	48.0	150.0	18.181818181818183	4749268.0
Gmi-CBas_048-Ex1-cssl2.1	60.61589997379152	47.0	150.0	18.181818181818183	7866762.0
Gmi-CBas_048-Ex1-cssl2.2	54.75095505061412	48.0	150.0	18.181818181818183	7866762.0
Gmi-CBas_049-Ex1-cssl2.1	59.09629026687478	48.0	150.0	18.181818181818183	17915574.0
Gmi-CBas_049-Ex1-cssl2.2	52.27646511215895	48.0	150.0	18.181818181818183	17915574.0
Gmi-CBas_053-Ex1-cssl.1	63.637728532227364	47.0	150.0	27.27272727272727	5738885.0
Gmi-CBas_053-Ex1-cssl.2	58.98613356030011	47.0	150.0	27.27272727272727	5738885.0
Gmi-CBas_054-Ex1-cssl2.1	61.97528674629239	48.0	150.0	18.181818181818183	8791109.0
Gmi-CBas_054-Ex1-cssl2.2	56.32764807346843	48.0	150.0	18.181818181818183	8791109.0
Gmi-CBas_055-Ex1-cssl.1	63.25223065019928	48.0	150.0	18.181818181818183	6660751.0
Gmi-CBas_055-Ex1-cssl.2	58.17658781238013	48.0	150.0	18.181818181818183	6660751.0
Gmi-CBas_057-Ex1-cssl2.1	50.70961967115885	49.0	150.0	18.181818181818183	4809238.0
Gmi-CBas_057-Ex1-cssl2.2	49.223565236023845	49.0	150.0	9.090909090909092	4809238.0
Gmi-CBas_058-Ex1-cssl.1	62.36783487458704	47.0	150.0	18.181818181818183	4683592.0
Gmi-CBas_058-Ex1-cssl.2	57.58751706879274	47.0	150.0	18.181818181818183	4683592.0
Gmi-CBas_060-Ex1-cssl.1	63.22058491369122	48.0	150.0	18.181818181818183	5057800.0
Gmi-CBas_060-Ex1-cssl.2	58.41963460163064	48.0	150.0	27.27272727272727	5057800.0
Gmi-CBas_061-Ex1-cssl.1	64.75970043252494	48.0	150.0	27.27272727272727	6291174.0
Gmi-CBas_061-Ex1-cssl.2	60.48196893976054	48.0	150.0	27.27272727272727	6291174.0
Gmi-CBas_064-Ex1-cssl2.1	55.307154539290764	47.0	150.0	18.181818181818183	20059904.0
Gmi-CBas_064-Ex1-cssl2.2	51.885480823192935	47.0	150.0	18.181818181818183	20059904.0
Gmi-CBas_066-Ex1-cssl2.1	56.46301907193289	48.0	150.0	18.181818181818183	4534208.0
Gmi-CBas_066-Ex1-cssl2.2	51.5409194270515	48.0	150.0	18.181818181818183	4534208.0
Gmi-CBas_067-Ex1-cssl.1	64.81928709251451	48.0	150.0	18.181818181818183	5604024.0
Gmi-CBas_067-Ex1-cssl.2	60.898366622495985	48.0	150.0	18.181818181818183	5604024.0
Gmi-CBas_068-Ex1-cssl2.1	61.245493106220444	48.0	150.0	18.181818181818183	16936605.0
Gmi-CBas_068-Ex1-cssl2.2	56.29431759885827	49.0	150.0	18.181818181818183	16936605.0
Gmi-CBas_069-Ex1-cssl2.1	57.00568019563945	49.0	150.0	18.181818181818183	9545323.0
Gmi-CBas_069-Ex1-cssl2.2	53.79774087056627	49.0	150.0	18.181818181818183	9545323.0
Gmi-CBas_070-Ex1-cssl.1	64.27496604101086	48.0	150.0	18.181818181818183	3877416.0
Gmi-CBas_070-Ex1-cssl.2	58.789768996595654	48.0	150.0	18.181818181818183	3877416.0
Gmi-CBas_071-Ex1-cssl.1	63.405983726024346	49.0	150.0	18.181818181818183	6872083.0
Gmi-CBas_071-Ex1-cssl.2	58.9311321495976	49.0	150.0	18.181818181818183	6872083.0
Gmi-CBas_075-Ex1-cssl2.1	57.53233922799734	48.0	150.0	18.181818181818183	18300367.0
Gmi-CBas_075-Ex1-cssl2.2	51.451992235943685	48.0	150.0	18.181818181818183	18300367.0
Gmi-CBas_078-Ex1-cssl.1	65.14739637438771	48.0	150.0	18.181818181818183	7355224.0
Gmi-CBas_078-Ex1-cssl.2	59.96769654625139	48.0	150.0	18.181818181818183	7355224.0
Gmi-CBas_079-Ex1-cssl.1	62.433331538993954	48.0	150.0	18.181818181818183	8294039.0
Gmi-CBas_079-Ex1-cssl.2	56.63397762592399	48.0	150.0	18.181818181818183	8294039.0
Gmi-CBas_080-Ex1-cssl2.1	58.41211172546713	48.0	150.0	18.181818181818183	14600939.0
Gmi-CBas_080-Ex1-cssl2.2	52.53394899554321	48.0	150.0	18.181818181818183	14600939.0
Gmi-CBas_081-Ex1-cssl.1	63.58125880026385	48.0	150.0	18.181818181818183	6743029.0
Gmi-CBas_081-Ex1-cssl.2	58.262161276021736	48.0	150.0	18.181818181818183	6743029.0
Gmi-CBas_082-Ex1-cssl2.1	59.044753736112504	48.0	150.0	18.181818181818183	15907426.0
Gmi-CBas_082-Ex1-cssl2.2	53.10550793613815	48.0	150.0	18.181818181818183	15907426.0
Gmi-CBas_083-Ex1-cssl2.1	58.29134182767815	48.0	150.0	18.181818181818183	7179896.0
Gmi-CBas_083-Ex1-cssl2.2	55.12959590423624	48.0	150.0	18.181818181818183	7179896.0
Gmi-CBas_084-Ex1-cssl.1	61.891791795196774	47.0	150.0	27.27272727272727	3227693.0
Gmi-CBas_084-Ex1-cssl.2	58.407974168314105	47.0	150.0	27.27272727272727	3227693.0
Gmi-CBas_085-Ex1-cssl.1	57.3986981518021	48.0	150.0	27.27272727272727	6864664.0
Gmi-CBas_085-Ex1-cssl.2	55.10708508091809	48.0	150.0	27.27272727272727	6864664.0
Gmi-CBas_086-Ex1-cssl2.1	65.337386752584	48.0	150.0	18.181818181818183	3248764.0
Gmi-CBas_086-Ex1-cssl2.2	59.10855563983627	48.0	150.0	18.181818181818183	3248764.0
Gmi-CBas_088-Ex1-cssl.1	57.32369226208055	48.0	150.0	18.181818181818183	5086123.0
Gmi-CBas_088-Ex1-cssl.2	54.13424898702943	48.0	150.0	18.181818181818183	5086123.0
Gmi-CBas_089-Ex1-cssl.1	61.608201171698276	48.0	150.0	18.181818181818183	3791180.0
Gmi-CBas_089-Ex1-cssl.2	56.56459986571332	48.0	150.0	18.181818181818183	3791180.0
Gmi-CBas_090-Ex1-cssl.1	61.08123035210616	48.0	150.0	18.181818181818183	3638099.0
Gmi-CBas_090-Ex1-cssl.2	55.58592994824048	48.0	150.0	18.181818181818183	3638099.0
Gmi-CBas_091-Ex1-cssl.1	61.07513371702579	48.0	150.0	18.181818181818183	5151851.0
Gmi-CBas_091-Ex1-cssl.2	56.55982057013369	48.0	150.0	18.181818181818183	5151851.0
Gmi-CBas_092-Ex1-cssl2.1	57.18662810580604	47.0	150.0	18.181818181818183	15712599.0
Gmi-CBas_092-Ex1-cssl2.2	51.094603938558365	47.0	150.0	18.181818181818183	15712599.0
Gmi-CBas_093-Ex1-cssl.1	62.14330848150261	48.0	150.0	18.181818181818183	3102217.0
Gmi-CBas_093-Ex1-cssl.2	57.00444145780478	48.0	150.0	18.181818181818183	3102217.0
Gmi-CBas_094-Ex1-cssl.1	62.97099533643509	49.0	150.0	18.181818181818183	5009990.0
Gmi-CBas_094-Ex1-cssl.2	57.435704661066744	49.0	150.0	18.181818181818183	5009990.0
Gmi-CBas_095-Ex1-cssl2.1	59.236211696604926	47.0	150.0	18.181818181818183	13004901.0
Gmi-CBas_095-Ex1-cssl2.2	52.89687951239222	47.0	150.0	18.181818181818183	13004901.0
Gmi-CBat_001-Ex1-cssl.1	71.17128538698098	48.0	150.0	9.090909090909092	2951066.0
Gmi-CBat_001-Ex1-cssl.2	66.722902610998	48.0	150.0	9.090909090909092	2951066.0
Gmi-CBat_002-Ex1-cssl2.1	68.94264652115734	48.0	150.0	18.181818181818183	4259738.0
Gmi-CBat_002-Ex1-cssl2.2	62.42577487710568	48.0	150.0	18.181818181818183	4259738.0
Gmi-CBat_003-Ex1-cssl.1	71.94145395702434	49.0	150.0	9.090909090909092	4010071.0
Gmi-CBat_003-Ex1-cssl.2	67.09219230827213	49.0	150.0	9.090909090909092	4010071.0
Gmi-CBat_004-Ex1-cssl.1	70.66235381128212	45.0	150.0	27.27272727272727	8076061.0
Gmi-CBat_004-Ex1-cssl.2	64.8523012633344	45.0	150.0	27.27272727272727	8076061.0
Gmi-CBat_005-Ex1-cssl2.1	66.49729290406921	48.0	150.0	18.181818181818183	6607619.0
Gmi-CBat_005-Ex1-cssl2.2	61.00440654636613	48.0	150.0	18.181818181818183	6607619.0
Gmi-CBat_007-Ex1-cssl.1	65.81956768581665	47.0	150.0	27.27272727272727	850733.0
Gmi-CBat_007-Ex1-cssl.2	62.18943755653803	47.0	150.0	27.27272727272727	850733.0
Gmi-CBat_010-Ex1-cssl.1	61.173436466472715	45.0	150.0	18.181818181818183	15810654.0
Gmi-CBat_010-Ex1-cssl.2	58.74389358551663	45.0	150.0	18.181818181818183	15810654.0
Gmi-CBat_011-Ex1-cssl.1	71.17012752534077	49.0	150.0	18.181818181818183	3671602.0
Gmi-CBat_011-Ex1-cssl.2	64.70379020712397	49.0	150.0	18.181818181818183	3671602.0
Gmi-CBat_012-Ex1-cssl2.1	68.65773771496593	47.0	150.0	27.27272727272727	4886597.0
Gmi-CBat_012-Ex1-cssl2.2	62.209345229656485	47.0	150.0	27.27272727272727	4886597.0
Gmi-CBat_013-Ex1-cssl2.1	62.54774305411501	48.0	150.0	18.181818181818183	7966527.0
Gmi-CBat_013-Ex1-cssl2.2	57.727505146256526	48.0	150.0	18.181818181818183	7966527.0
Gmi-CBat_015-Ex1-cssl.1	63.22350891452811	47.0	150.0	18.181818181818183	5939922.0
Gmi-CBat_015-Ex1-cssl.2	59.71416146293975	47.0	150.0	18.181818181818183	5939922.0
Gmi-CBat_018-Ex1-cssl2.1	63.18884913165287	47.0	150.0	9.090909090909092	12128995.0
Gmi-CBat_018-Ex1-cssl2.2	59.858047790198334	47.0	150.0	9.090909090909092	12128995.0
Gmi-CBat_019-Ex1-cssl.1	63.61295151930096	45.0	150.0	27.27272727272727	13340989.0
Gmi-CBat_019-Ex1-cssl.2	60.42236331034083	45.0	150.0	27.27272727272727	13340989.0
Gmi-CBat_020-Ex1-cssl.1	68.31266774476074	47.0	150.0	18.181818181818183	9311437.0
Gmi-CBat_020-Ex1-cssl.2	63.12195082817833	47.0	150.0	18.181818181818183	9311437.0
Gmi-CBat_021-Ex1-cssl2.1	61.65490070323503	47.0	150.0	18.181818181818183	5248889.0
Gmi-CBat_021-Ex1-cssl2.2	55.87051941293279	47.0	150.0	18.181818181818183	5248889.0
Gmi-CBat_022-Ex1-cssl2.1	68.70748984913502	47.0	150.0	18.181818181818183	4180994.0
Gmi-CBat_022-Ex1-cssl2.2	64.29638091047141	47.0	150.0	18.181818181818183	4180994.0
Gmi-CBat_023-Ex1-cssl.1	65.16290042359023	47.0	150.0	9.090909090909092	5059185.0
Gmi-CBat_023-Ex1-cssl.2	60.982447238779336	47.0	150.0	9.090909090909092	5059185.0
Gmi-CBat_024-Ex1-cssl.1	70.19941999180372	47.0	150.0	18.181818181818183	5395897.0
Gmi-CBat_024-Ex1-cssl.2	64.26468099078926	47.0	150.0	18.181818181818183	5395897.0
Gmi-CBat_025-Ex1-cssl.1	64.38301384399905	47.0	150.0	18.181818181818183	5762614.0
Gmi-CBat_025-Ex1-cssl.2	59.88490739393436	47.0	150.0	18.181818181818183	5762614.0
Gmi-CBat_027-Ex1-cssl.1	65.51007375288785	48.0	150.0	18.181818181818183	8977928.0
Gmi-CBat_027-Ex1-cssl.2	61.674836167710026	48.0	150.0	18.181818181818183	8977928.0
Gmi-CBat_030-Ex1-cssl.1	65.67141472624596	48.0	150.0	18.181818181818183	5846052.0
Gmi-CBat_030-Ex1-cssl.2	61.963402145324906	48.0	150.0	18.181818181818183	5846052.0
Gmi-CBat_031-Ex1-cssl.1	63.11609775290732	46.0	150.0	18.181818181818183	11192624.0
Gmi-CBat_031-Ex1-cssl.2	58.166767885895986	46.0	150.0	18.181818181818183	11192624.0
Gmi-CBat_034-Ex1-cssl.1	65.9016976913988	45.0	150.0	27.27272727272727	7012660.0
Gmi-CBat_034-Ex1-cssl.2	60.71860065146278	45.0	150.0	27.27272727272727	7012660.0
Gmi-CBat_035-Ex1-cssl2.1	66.74205368881915	47.0	150.0	18.181818181818183	10988895.0
Gmi-CBat_035-Ex1-cssl2.2	62.750348664775935	47.0	150.0	18.181818181818183	10988895.0
Gmi-CBat_036-Ex1-cssl2.1	66.03095137562968	47.0	150.0	18.181818181818183	3748852.0
Gmi-CBat_036-Ex1-cssl2.2	60.0197272838642	48.0	150.0	18.181818181818183	3748852.0
Gmi-CBat_037-Ex1-cssl2.1	63.518240980536284	47.0	150.0	18.181818181818183	6250984.0
Gmi-CBat_037-Ex1-cssl2.2	59.30546486203324	47.0	150.0	18.181818181818183	6250984.0
Gmi-CBat_039-Ex1-cssl.1	64.21889442267228	47.0	150.0	9.090909090909092	18627438.0
Gmi-CBat_039-Ex1-cssl.2	57.088377658909636	47.0	150.0	9.090909090909092	18627438.0
Gmi-CBat_040-Ex1-cssl2.1	64.43790392643757	48.0	150.0	18.181818181818183	6060690.0
Gmi-CBat_040-Ex1-cssl2.2	59.17815281950799	48.0	150.0	18.181818181818183	6060690.0
Gmi-CBat_042-Ex1-cssl2.1	61.081157426813846	47.0	150.0	18.181818181818183	4507258.0
Gmi-CBat_042-Ex1-cssl2.2	55.774144906912106	47.0	150.0	18.181818181818183	4507258.0
Gmi-CBat_043-Ex1-cssl.1	64.70133826886286	47.0	150.0	18.181818181818183	10390800.0
Gmi-CBat_043-Ex1-cssl.2	59.55792733434909	47.0	150.0	18.181818181818183	10390800.0
Gmi-CBat_044-Ex1-cssl.1	66.6650074493688	45.0	150.0	27.27272727272727	16245379.0
Gmi-CBat_044-Ex1-cssl.2	60.30161271928071	45.0	150.0	27.27272727272727	16245379.0
Gmi-CBat_046-Ex1-cssl.1	57.0877420954405	46.0	150.0	18.181818181818183	17685991.0
Gmi-CBat_046-Ex1-cssl.2	54.409241712966896	46.0	150.0	18.181818181818183	17685991.0
Gmi-CBat_047-Ex1-cssl2.1	64.76287518190264	46.0	150.0	18.181818181818183	10931841.0
Gmi-CBat_047-Ex1-cssl2.2	59.146512265862434	45.0	150.0	18.181818181818183	10931841.0
Gmi-CBat_048-Ex1-cssl.1	68.80159051553939	46.0	150.0	9.090909090909092	12713514.0
Gmi-CBat_048-Ex1-cssl.2	61.19671289555539	46.0	150.0	9.090909090909092	12713514.0
Gmi-CBat_049-Ex1-cssl.1	66.55885408745424	45.0	150.0	27.27272727272727	13212307.0
Gmi-CBat_049-Ex1-cssl.2	61.723862120932424	45.0	150.0	27.27272727272727	13212307.0
Gmi-CBat_050-Ex1-cssl.1	63.030676742788636	46.0	150.0	18.181818181818183	8446410.0
Gmi-CBat_050-Ex1-cssl.2	58.050945187958185	46.0	150.0	18.181818181818183	8446410.0
Gmi-CBat_051-Ex1-cssl2.1	58.93147348733706	47.0	150.0	18.181818181818183	8812411.0
Gmi-CBat_051-Ex1-cssl2.2	55.304402761207314	47.0	150.0	18.181818181818183	8812411.0
Gmi-CBat_052-Ex1-cssl.1	65.96422269800676	47.0	150.0	18.181818181818183	3887309.0
Gmi-CBat_052-Ex1-cssl.2	61.34156845444512	47.0	150.0	18.181818181818183	3887309.0
Gmi-CBat_056-Ex1-cssl.1	63.20047841747	47.0	150.0	18.181818181818183	6482857.0
Gmi-CBat_056-Ex1-cssl.2	58.85401288675898	47.0	150.0	18.181818181818183	6482857.0
Gmi-CBat_058-Ex1-cssl2.2	47.5980142118881	46.0	150.0	0.0	46582777.0
Gmi-CBat_059-Ex1-cssl.1	61.074704781646375	47.0	150.0	9.090909090909092	9800332.0
Gmi-CBat_059-Ex1-cssl.2	57.539387579170636	47.0	150.0	9.090909090909092	9800332.0
Gmi-CBat_060-Ex1-cssl.1	60.5190955016032	46.0	150.0	18.181818181818183	24740600.0
Gmi-CBat_060-Ex1-cssl.2	55.07039112061379	47.0	150.0	18.181818181818183	24740600.0
Gmi-CBat_061-Ex1-cssl2.1	66.88361579932302	46.0	150.0	18.181818181818183	4195747.0
Gmi-CBat_061-Ex1-cssl2.2	62.29483051760334	46.0	150.0	18.181818181818183	4195747.0
Gmi-CBat_062-Ex1-cssl2.1	68.10595380517809	47.0	150.0	18.181818181818183	4400397.0
Gmi-CBat_062-Ex1-cssl2.2	63.43791254710012	47.0	150.0	18.181818181818183	4400397.0
Gmi-CBat_063-Ex1-cssl.1	61.212607320569354	46.0	150.0	9.090909090909092	17569646.0
Gmi-CBat_063-Ex1-cssl.2	58.010482223987154	46.0	150.0	9.090909090909092	17569646.0
Gmi-CBat_064-Ex1-cssl.1	62.26986371094439	47.0	150.0	18.181818181818183	2994566.0
Gmi-CBat_064-Ex1-cssl.2	57.73901505685767	47.0	150.0	18.181818181818183	2994566.0
Gmi-CBat_065-Ex1-cssl.1	69.2286388206167	43.0	150.0	18.181818181818183	9478741.0
Gmi-CBat_065-Ex1-cssl.2	65.75323956275366	43.0	150.0	18.181818181818183	9478741.0
Gmi-CBat_066-Ex1-cssl2.1	62.099495448179475	48.0	150.0	18.181818181818183	10977117.0
Gmi-CBat_066-Ex1-cssl2.2	56.81153649292967	48.0	150.0	18.181818181818183	10977117.0
Gmi-CBat_067-Ex1-cssl.1	63.03289877172663	47.0	150.0	18.181818181818183	11158772.0
Gmi-CBat_067-Ex1-cssl.2	59.64986594225072	47.0	150.0	18.181818181818183	11158772.0
Gmi-CBat_070-Ex1-cssl2.1	60.12535268256802	47.0	150.0	18.181818181818183	7309653.0
Gmi-CBat_070-Ex1-cssl2.2	53.4161381823569	47.0	150.0	18.181818181818183	7309653.0
Gmi-CBat_071-Ex1-cssl2.1	57.920134504709765	45.0	150.0	18.181818181818183	5170500.0
Gmi-CBat_071-Ex1-cssl2.2	53.73959198768695	45.0	150.0	18.181818181818183	5170500.0
Gmi-CBat_076-Ex1-cssl.1	58.25300590474613	48.0	150.0	18.181818181818183	3681618.0
Gmi-CBat_076-Ex1-cssl.2	53.33754966001965	48.0	150.0	18.181818181818183	3681618.0
Gmi-CBat_079-Ex1-cssl.1	55.91710372371184	45.0	150.0	18.181818181818183	206086553.0
Gmi-CBat_079-Ex1-cssl.2	50.370895792631885	45.0	150.0	18.181818181818183	206086553.0
Gmi-CBat_080-Ex1-cssl2.1	61.44633307367199	48.0	150.0	18.181818181818183	7447063.0
Gmi-CBat_080-Ex1-cssl2.2	55.176824471474724	48.0	150.0	18.181818181818183	7447063.0
Gmi-CBat_081-Ex1-cssl2.1	59.1577219949063	47.0	150.0	18.181818181818183	13749730.0
Gmi-CBat_081-Ex1-cssl2.2	56.16385506185148	47.0	150.0	18.181818181818183	13749730.0
Gmi-CBat_082-Ex1-cssl2.1	61.107602830743424	48.0	150.0	18.181818181818183	7040241.0
Gmi-CBat_082-Ex1-cssl2.2	54.69438618934903	48.0	150.0	18.181818181818183	7040241.0
Gmi-CBat_083-Ex1-cssl.1	67.57602995301252	49.0	150.0	18.181818181818183	2790154.0
Gmi-CBat_083-Ex1-cssl.2	61.99306290463779	49.0	150.0	18.181818181818183	2790154.0
Gmi-CBat_084-Ex1-cssl.1	60.484147016148505	46.0	150.0	18.181818181818183	13875799.0
Gmi-CBat_084-Ex1-cssl.2	54.96345649343365	46.0	150.0	18.181818181818183	13875799.0
Gmi-CBat_088-Ex1-cssl.1	62.18982999428933	46.0	150.0	18.181818181818183	4074509.0
Gmi-CBat_088-Ex1-cssl.2	58.49101266946007	46.0	150.0	18.181818181818183	4074509.0
Gmi-CBat_091-Ex1-cssl.1	64.34335827135719	45.0	150.0	18.181818181818183	2072516.0
Gmi-CBat_091-Ex1-cssl.2	59.26985386700155	45.0	150.0	18.181818181818183	2072516.0
Gmi-CBat_093-Ex1-cssl2.1	62.208851814752876	47.0	150.0	18.181818181818183	4328325.0
Gmi-CBat_093-Ex1-cssl2.2	56.16873814481742	47.0	150.0	18.181818181818183	4328325.0
Gmi-CBat_094-Ex1-cssl2.1	59.20129552780387	47.0	150.0	18.181818181818183	7520298.0
Gmi-CBat_094-Ex1-cssl2.2	54.250746286446265	47.0	150.0	18.181818181818183	7520298.0
Gmi-CBat_095-Ex1-cssl2.1	71.96259557523095	47.0	150.0	18.181818181818183	3281652.0
Gmi-CBat_095-Ex1-cssl2.2	67.95689176123	47.0	150.0	18.181818181818183	3281652.0
Gmi-CBat_096-Ex1-cssl2.1	63.67906369754394	45.0	150.0	18.181818181818183	22447536.0
Gmi-CBat_096-Ex1-cssl2.2	59.37594819907149	45.0	150.0	18.181818181818183	22447536.0
