Sample	FastQC_mqc-generalstats-fastqc-percent_duplicates	FastQC_mqc-generalstats-fastqc-percent_gc	FastQC_mqc-generalstats-fastqc-avg_sequence_length	FastQC_mqc-generalstats-fastqc-percent_fails	FastQC_mqc-generalstats-fastqc-total_sequences
GmA01001_CKDL210018111-1a-5UDI301-AK533_HH72GDSX2_L1_1	53.316909758290535	53.0	150.0	36.36363636363637	3310323.0
GmA01001_CKDL210018111-1a-5UDI301-AK533_HH72GDSX2_L1_2	48.92314951341963	56.0	150.0	36.36363636363637	3310323.0
GmA01002_CKDL210018111-1a-5UDI301-AK8488_HH72GDSX2_L1_1	53.80875167494516	52.0	150.0	36.36363636363637	2740702.0
GmA01002_CKDL210018111-1a-5UDI301-AK8488_HH72GDSX2_L1_2	50.32149223767739	55.0	150.0	45.45454545454545	2740702.0
GmA01003_CKDL210018111-1a-5UDI301-AK4236_HH72GDSX2_L1_1	57.838257774407616	55.0	150.0	45.45454545454545	3739971.0
GmA01003_CKDL210018111-1a-5UDI301-AK4236_HH72GDSX2_L1_2	54.38945723309461	59.0	150.0	45.45454545454545	3739971.0
GmA01004_CKDL210018111-1a-AK7078-AK4234_HH72GDSX2_L1_1	42.156253727042866	49.0	150.0	18.181818181818183	11004805.0
GmA01004_CKDL210018111-1a-AK7078-AK4234_HH72GDSX2_L1_2	40.662055548970486	50.0	150.0	27.27272727272727	11004805.0
GmA01010_CKDL210018111-1a-AK7758-AK4234_HH72GDSX2_L1_1	55.00769880606522	51.0	150.0	27.27272727272727	6367920.0
GmA01010_CKDL210018111-1a-AK7758-AK4234_HH72GDSX2_L1_2	53.267288133237415	53.0	150.0	45.45454545454545	6367920.0
GmA01011_CKDL210018111-1a-AK7758-GD06_HH72GDSX2_L1_1	48.55659223561546	49.0	150.0	18.181818181818183	10400630.0
GmA01011_CKDL210018111-1a-AK7758-GD06_HH72GDSX2_L1_2	46.709026753230575	51.0	150.0	36.36363636363637	10400630.0
GmA01013_CKDL210018111-1a-5UDI301-AK7557_HH72GDSX2_L1_1	51.66850367718664	51.0	150.0	27.27272727272727	6221330.0
GmA01013_CKDL210018111-1a-5UDI301-AK7557_HH72GDSX2_L1_2	49.156825507438306	53.0	150.0	36.36363636363637	6221330.0
GmA01014_CKDL210018111-1a-5UDI301-GC06_HH72GDSX2_L1_1	41.52755501590393	46.0	150.0	18.181818181818183	9831701.0
GmA01014_CKDL210018111-1a-5UDI301-GC06_HH72GDSX2_L1_2	40.131711350186315	47.0	150.0	36.36363636363637	9831701.0
GmA01015_CKDL210018111-1a-5UDI301-AK10343_HH72GDSX2_L1_1	67.08956513523646	41.0	150.0	36.36363636363637	4352670.0
GmA01015_CKDL210018111-1a-5UDI301-AK10343_HH72GDSX2_L1_2	64.74667300784591	42.0	150.0	45.45454545454545	4352670.0
GmA01016_CKDL210018111-1a-5UDI301-AK4234_HH72GDSX2_L1_1	65.68627825468013	42.0	150.0	36.36363636363637	18441057.0
GmA01016_CKDL210018111-1a-5UDI301-AK4234_HH72GDSX2_L1_2	63.55261807242833	43.0	150.0	45.45454545454545	18441057.0
GmA01017_CKDL210018111-1a-AK7078-GD06_HH72GDSX2_L1_1	47.530441883274044	53.0	150.0	27.27272727272727	11633007.0
GmA01017_CKDL210018111-1a-AK7078-GD06_HH72GDSX2_L1_2	44.97716213889633	55.0	150.0	36.36363636363637	11633007.0
GmA01018_CKDL210018111-1a-AK7758-AK7557_HH72GDSX2_L1_1	40.68280779067618	48.0	150.0	18.181818181818183	5625225.0
GmA01018_CKDL210018111-1a-AK7758-AK7557_HH72GDSX2_L1_2	38.77668474142156	49.0	150.0	36.36363636363637	5625225.0
GmA01026_CKDL210018111-1a-AK7078-AK8488_HH72GDSX2_L1_1	42.20307472510104	50.0	150.0	18.181818181818183	8228963.0
GmA01026_CKDL210018111-1a-AK7078-AK8488_HH72GDSX2_L1_2	40.40674700213861	51.0	150.0	9.090909090909092	8228963.0
GmA01027_CKDL210018111-1a-AK7078-AK4236_HH72GDSX2_L1_1	50.057335438687375	53.0	150.0	36.36363636363637	7331128.0
GmA01027_CKDL210018111-1a-AK7078-AK4236_HH72GDSX2_L1_2	47.46390556362342	56.0	150.0	36.36363636363637	7331128.0
GmA01028_CKDL210018111-1a-5UDI301-GD06_HH72GDSX2_L1_1	40.27642816016067	48.0	150.0	18.181818181818183	7453635.0
GmA01028_CKDL210018111-1a-5UDI301-GD06_HH72GDSX2_L1_2	38.238943837139104	50.0	150.0	36.36363636363637	7453635.0
GmA01029_CKDL210018111-1a-AK7758-AK533_HH72GDSX2_L1_1	47.488037933259406	53.0	150.0	27.27272727272727	5904988.0
GmA01029_CKDL210018111-1a-AK7758-AK533_HH72GDSX2_L1_2	44.543352712939296	55.0	150.0	36.36363636363637	5904988.0
GmA01030_CKDL210018111-1a-AK7758-AK8488_HH72GDSX2_L1_1	39.99297052931706	47.0	150.0	18.181818181818183	5131272.0
GmA01030_CKDL210018111-1a-AK7758-AK8488_HH72GDSX2_L1_2	38.20670471668577	48.0	150.0	36.36363636363637	5131272.0
GmA01031_CKDL210018111-1a-AK7758-AK4236_HH72GDSX2_L1_1	60.66910218587508	43.0	150.0	36.36363636363637	26655230.0
GmA01031_CKDL210018111-1a-AK7758-AK4236_HH72GDSX2_L1_2	58.722230075382356	44.0	150.0	45.45454545454545	26655230.0
GmA01032_CKDL210018111-1a-AK7758-AK10343_HH72GDSX2_L1_1	39.92649411671886	47.0	150.0	18.181818181818183	8757714.0
GmA01032_CKDL210018111-1a-AK7758-AK10343_HH72GDSX2_L1_2	38.337435278472896	48.0	150.0	36.36363636363637	8757714.0
GmA01033_CKDL210018111-1a-AK9143-AK4234_HH72GDSX2_L1_1	70.3630468161559	42.0	150.0	36.36363636363637	17729723.0
GmA01033_CKDL210018111-1a-AK9143-AK4234_HH72GDSX2_L1_2	68.14363883877373	43.0	150.0	36.36363636363637	17729723.0
GmA01035_CKDL210018111-1a-AK7078-AK533_HH72GDSX2_L1_1	46.126017392376525	47.0	150.0	27.27272727272727	14477652.0
GmA01035_CKDL210018111-1a-AK7078-AK533_HH72GDSX2_L1_2	43.84460949447152	48.0	150.0	36.36363636363637	14477652.0
GmA01037_CKDL210018111-1a-AK7078-AK7557_HH72GDSX2_L1_1	49.62330828092912	47.0	150.0	18.181818181818183	26690006.0
GmA01037_CKDL210018111-1a-AK7078-AK7557_HH72GDSX2_L1_2	47.829804157076964	48.0	150.0	36.36363636363637	26690006.0
GmA01039_CKDL210018111-1a-AK7078-AK10343_HH72GDSX2_L1_1	45.34159384586771	47.0	150.0	18.181818181818183	14655970.0
GmA01039_CKDL210018111-1a-AK7078-AK10343_HH72GDSX2_L1_2	43.79679653784031	47.0	150.0	27.27272727272727	14655970.0
GmA01041_CKDL210018111-1a-AK9143-AK533_HH72GDSX2_L1_1	73.79467314028295	45.0	150.0	36.36363636363637	16027444.0
GmA01041_CKDL210018111-1a-AK9143-AK533_HH72GDSX2_L1_2	70.4410784032589	46.0	150.0	45.45454545454545	16027444.0
GmA01042_CKDL210018111-1a-AK7758-GC06_HH72GDSX2_L1_1	40.32455119573696	49.0	150.0	18.181818181818183	7133760.0
GmA01042_CKDL210018111-1a-AK7758-GC06_HH72GDSX2_L1_2	38.735973781626285	51.0	150.0	36.36363636363637	7133760.0
GmA01055_CKDL210018111-1a-AK9143-AK4236_HH72GDSX2_L1_1	77.1596247516111	38.0	150.0	36.36363636363637	17906748.0
GmA01055_CKDL210018111-1a-AK9143-AK4236_HH72GDSX2_L1_2	74.9230115108817	39.0	150.0	36.36363636363637	17906748.0
GmA01060_CKDL210018111-1a-5UDI225-AK533_HH72GDSX2_L1_1	75.57591411675038	43.0	150.0	36.36363636363637	28902231.0
GmA01060_CKDL210018111-1a-5UDI225-AK533_HH72GDSX2_L1_2	73.3407646247221	43.0	150.0	36.36363636363637	28902231.0
GmA01065_CKDL210018111-1a-AK9143-AK7557_HH72GDSX2_L1_1	75.4274351153002	38.0	150.0	36.36363636363637	51943274.0
GmA01065_CKDL210018111-1a-AK9143-AK7557_HH72GDSX2_L1_2	73.83328900451701	39.0	150.0	36.36363636363637	51943274.0
GmA01074_CKDL210018111-1a-AK7078-GC06_HH72GDSX2_L1_1	84.03345597500955	39.0	150.0	36.36363636363637	13613422.0
GmA01074_CKDL210018111-1a-AK7078-GC06_HH72GDSX2_L1_2	81.0281034174664	41.0	150.0	45.45454545454545	13613422.0
GmA01078_CKDL210018111-1a-AK9143-GC06_HH72GDSX2_L1_1	75.3125671644791	42.0	150.0	36.36363636363637	42344110.0
GmA01078_CKDL210018111-1a-AK9143-GC06_HH72GDSX2_L1_2	73.14928709646819	43.0	150.0	36.36363636363637	42344110.0
GmA01079_CKDL210018111-1a-AK9143-AK10343_HH72GDSX2_L1_1	73.27919270221032	42.0	150.0	36.36363636363637	29651826.0
GmA01079_CKDL210018111-1a-AK9143-AK10343_HH72GDSX2_L1_2	70.97888564060963	42.0	150.0	36.36363636363637	29651826.0
GmA01083_CKDL210018111-1a-AK9143-GD06_HH72GDSX2_L1_1	75.27760830937562	43.0	150.0	36.36363636363637	26524512.0
GmA01083_CKDL210018111-1a-AK9143-GD06_HH72GDSX2_L1_2	72.48292225484252	44.0	150.0	36.36363636363637	26524512.0
GmA01089_CKDL210018111-1a-AK9143-AK8488_HH72GDSX2_L1_1	69.36690021640129	37.0	150.0	36.36363636363637	21117967.0
GmA01089_CKDL210018111-1a-AK9143-AK8488_HH72GDSX2_L1_2	67.45157104828084	37.0	150.0	27.27272727272727	21117967.0
GmA02001_CKDL210018111-1a-AK3911-AK4234_HH72GDSX2_L1_1	37.75702068597824	53.0	150.0	27.27272727272727	3629216.0
GmA02001_CKDL210018111-1a-AK3911-AK4234_HH72GDSX2_L1_2	36.54776763105008	54.0	150.0	27.27272727272727	3629216.0
GmA02002_CKDL210018111-1a-5UDI225-AK7557_HH72GDSX2_L1_1	38.63885897879693	45.0	150.0	18.181818181818183	5074378.0
GmA02002_CKDL210018111-1a-5UDI225-AK7557_HH72GDSX2_L1_2	37.55190450552017	46.0	150.0	27.27272727272727	5074378.0
GmA02004_CKDL210018111-1a-5UDI225-AK4236_HH72GDSX2_L1_1	48.63196425920391	56.0	150.0	36.36363636363637	893750.0
GmA02004_CKDL210018111-1a-5UDI225-AK4236_HH72GDSX2_L1_2	45.79350676879324	60.0	150.0	36.36363636363637	893750.0
GmA02005_CKDL210018111-1a-5UDI225-AK10343_HH72GDSX2_L1_1	39.8348689219702	47.0	150.0	18.181818181818183	2142924.0
GmA02005_CKDL210018111-1a-5UDI225-AK10343_HH72GDSX2_L1_2	38.72839871710977	48.0	150.0	36.36363636363637	2142924.0
GmA02006_CKDL210018111-1a-5UDI225-AK4234_HH72GDSX2_L1_1	39.2684966443195	47.0	150.0	18.181818181818183	2019864.0
GmA02006_CKDL210018111-1a-5UDI225-AK4234_HH72GDSX2_L1_2	38.393386288245445	48.0	150.0	36.36363636363637	2019864.0
GmA02007_CKDL210018111-1a-AK9144-AK8488_HH72GDSX2_L1_1	44.59527501525371	52.0	150.0	27.27272727272727	5172652.0
GmA02007_CKDL210018111-1a-AK9144-AK8488_HH72GDSX2_L1_2	42.97732761311144	53.0	150.0	27.27272727272727	5172652.0
GmA02008_CKDL210018111-1a-AK9144-AK10343_HH72GDSX2_L1_1	44.045095653456	62.0	150.0	27.27272727272727	6162052.0
GmA02008_CKDL210018111-1a-AK9144-AK10343_HH72GDSX2_L1_2	42.31126547686665	63.0	150.0	27.27272727272727	6162052.0
GmA02017_CKDL210018111-1a-5UDI225-AK8488_HH72GDSX2_L1_1	39.087059973316215	47.0	150.0	18.181818181818183	1773366.0
GmA02017_CKDL210018111-1a-5UDI225-AK8488_HH72GDSX2_L1_2	37.61661780078251	48.0	150.0	36.36363636363637	1773366.0
GmA02018_CKDL210018111-1a-AK9144-AK7557_HH72GDSX2_L1_1	51.11329289443568	46.0	150.0	36.36363636363637	24361578.0
GmA02018_CKDL210018111-1a-AK9144-AK7557_HH72GDSX2_L1_2	49.42845051641528	47.0	150.0	36.36363636363637	24361578.0
GmA02019_CKDL210018111-1a-AK9144-GC06_HH72GDSX2_L1_1	42.81072204310061	46.0	150.0	27.27272727272727	10078728.0
GmA02019_CKDL210018111-1a-AK9144-GC06_HH72GDSX2_L1_2	41.43779496578759	47.0	150.0	36.36363636363637	10078728.0
GmA02020_CKDL210018111-1a-AK9144-AK4234_HH72GDSX2_L1_1	50.31911005611173	48.0	150.0	36.36363636363637	5682361.0
GmA02020_CKDL210018111-1a-AK9144-AK4234_HH72GDSX2_L1_2	48.89222443603239	49.0	150.0	36.36363636363637	5682361.0
GmA02021_CKDL210018111-1a-AK9144-GD06_HH72GDSX2_L1_1	53.9967904883102	52.0	150.0	36.36363636363637	10043506.0
GmA02021_CKDL210018111-1a-AK9144-GD06_HH72GDSX2_L1_2	52.00741089620375	54.0	150.0	45.45454545454545	10043506.0
GmA02022_CKDL210018111-1a-5UDI225-GC06_HH72GDSX2_L1_1	37.656869647842775	45.0	150.0	18.181818181818183	9203323.0
GmA02022_CKDL210018111-1a-5UDI225-GC06_HH72GDSX2_L1_2	36.81706292695881	46.0	150.0	36.36363636363637	9203323.0
GmA02023_CKDL210018111-1a-AK3911-GC06_HH72GDSX2_L1_1	39.9360084392182	54.0	150.0	27.27272727272727	5645223.0
GmA02023_CKDL210018111-1a-AK3911-GC06_HH72GDSX2_L1_2	38.69107804924865	55.0	150.0	36.36363636363637	5645223.0
GmA02028_CKDL210018111-1a-5UDI245-AK533_HH72GDSX2_L1_1	75.77940650190075	46.0	150.0	36.36363636363637	4235112.0
GmA02028_CKDL210018111-1a-5UDI245-AK533_HH72GDSX2_L1_2	72.61986840466379	48.0	150.0	45.45454545454545	4235112.0
GmA02030_CKDL210018111-1a-5UDI225-GD06_HH72GDSX2_L1_1	69.05253855205333	49.0	150.0	36.36363636363637	1524984.0
GmA02030_CKDL210018111-1a-5UDI225-GD06_HH72GDSX2_L1_2	66.2662654379209	51.0	150.0	45.45454545454545	1524984.0
GmA02033_CKDL210018111-1a-AK3911-AK533_HH72GDSX2_L1_1	70.63223892760985	49.0	150.0	36.36363636363637	8430958.0
GmA02033_CKDL210018111-1a-AK3911-AK533_HH72GDSX2_L1_2	67.68183824435465	50.0	150.0	45.45454545454545	8430958.0
GmA02034_CKDL210018111-1a-5UDI245-AK7557_HH72GDSX2_L1_1	76.6049535595888	46.0	150.0	36.36363636363637	4995994.0
GmA02034_CKDL210018111-1a-5UDI245-AK7557_HH72GDSX2_L1_2	74.15321997988033	47.0	150.0	36.36363636363637	4995994.0
GmA02035_CKDL210018111-1a-5UDI245-AK8488_HH72GDSX2_L1_1	79.30989499026823	45.0	150.0	36.36363636363637	9466732.0
GmA02035_CKDL210018111-1a-5UDI245-AK8488_HH72GDSX2_L1_2	76.92803450571773	45.0	150.0	36.36363636363637	9466732.0
GmA02044_CKDL210018111-1a-AK3911-GD06_HH72GDSX2_L1_1	80.07579376789954	44.0	150.0	36.36363636363637	32274613.0
GmA02044_CKDL210018111-1a-AK3911-GD06_HH72GDSX2_L1_2	77.78056524982094	45.0	150.0	45.45454545454545	32274613.0
GmA02045_CKDL210018111-1a-AK3911-AK7557_HH72GDSX2_L1_1	95.78543649350642	32.0	150.0	36.36363636363637	184081221.0
GmA02045_CKDL210018111-1a-AK3911-AK7557_HH72GDSX2_L1_2	93.8837476103172	32.0	150.0	36.36363636363637	184081221.0
GmA02047_CKDL210018111-1a-AK3911-AK4236_HH72GDSX2_L1_1	57.44138553611322	54.0	150.0	36.36363636363637	3876065.0
GmA02047_CKDL210018111-1a-AK3911-AK4236_HH72GDSX2_L1_2	54.721149490941116	55.0	150.0	45.45454545454545	3876065.0
GmA02049_CKDL210018111-1a-AK9144-AK533_HH72GDSX2_L1_1	96.28943067341076	32.0	150.0	36.36363636363637	298098044.0
GmA02049_CKDL210018111-1a-AK9144-AK533_HH72GDSX2_L1_2	94.14087186830102	32.0	150.0	36.36363636363637	298098044.0
GmA02054_CKDL210018111-1a-5UDI245-GC06_HH72GDSX2_L1_1	83.62303012602698	44.0	150.0	36.36363636363637	29469071.0
GmA02054_CKDL210018111-1a-5UDI245-GC06_HH72GDSX2_L1_2	81.79639667275558	44.0	150.0	45.45454545454545	29469071.0
GmA02055_CKDL210018111-1a-AK9144-AK4236_HH72GDSX2_L1_1	65.26191476169319	49.0	150.0	36.36363636363637	3245003.0
GmA02055_CKDL210018111-1a-AK9144-AK4236_HH72GDSX2_L1_2	62.03253503548184	52.0	150.0	45.45454545454545	3245003.0
GmA02058_CKDL210018111-1a-AK3911-AK8488_HH72GDSX2_L1_1	50.16838731029563	60.0	150.0	36.36363636363637	3542204.0
GmA02058_CKDL210018111-1a-AK3911-AK8488_HH72GDSX2_L1_2	46.717894761432454	62.0	150.0	36.36363636363637	3542204.0
GmA02059_CKDL210018111-1a-AK3911-AK10343_HH72GDSX2_L1_1	58.724134109661144	53.0	150.0	36.36363636363637	4118686.0
GmA02059_CKDL210018111-1a-AK3911-AK10343_HH72GDSX2_L1_2	56.349190961922126	54.0	150.0	36.36363636363637	4118686.0
GmA02060_CKDL210018111-1a-5UDI245-AK10343_HH72GDSX2_L1_1	78.2935865198639	45.0	150.0	36.36363636363637	7200381.0
GmA02060_CKDL210018111-1a-5UDI245-AK10343_HH72GDSX2_L1_2	75.71692545641318	46.0	150.0	45.45454545454545	7200381.0
GmC01002_CKDL210018111-1a-AK3905-7UDI214_HH72GDSX2_L1_1	74.52121884980097	51.0	150.0	27.27272727272727	284629.0
GmC01002_CKDL210018111-1a-AK3905-7UDI214_HH72GDSX2_L1_2	70.88947366571924	51.0	150.0	27.27272727272727	284629.0
GmC01005_CKDL210018111-1a-AK9142-7UDI214_HH72GDSX2_L1_1	48.55663353371823	46.0	150.0	18.181818181818183	33602.0
GmC01005_CKDL210018111-1a-AK9142-7UDI214_HH72GDSX2_L1_2	45.42884352121897	47.0	150.0	18.181818181818183	33602.0
GmC01006_CKDL210018111-1a-AK8410-7UDI214_HH72GDSX2_L1_1	78.25107986694044	51.0	150.0	18.181818181818183	2193584.0
GmC01006_CKDL210018111-1a-AK8410-7UDI214_HH72GDSX2_L1_2	73.8837287472961	51.0	150.0	18.181818181818183	2193584.0
GmC01008_CKDL210018111-1a-AK7759-7UDI214_HH72GDSX2_L1_1	84.9113554469109	42.0	150.0	18.181818181818183	14567161.0
GmC01008_CKDL210018111-1a-AK7759-7UDI214_HH72GDSX2_L1_2	79.82071627484467	42.0	150.0	18.181818181818183	14567161.0
GmC01009_CKDL210018111-1a-AK6881-7UDI214_HH72GDSX2_L1_1	78.06788005185625	49.0	150.0	18.181818181818183	2951519.0
GmC01009_CKDL210018111-1a-AK6881-7UDI214_HH72GDSX2_L1_2	74.09422502769014	50.0	150.0	18.181818181818183	2951519.0
GmC01012_CKDL210018111-1a-5UDI312-7UDI214_HH72GDSX2_L1_1	35.921052631578945	49.0	150.0	27.27272727272727	760.0
GmC01012_CKDL210018111-1a-5UDI312-7UDI214_HH72GDSX2_L1_2	32.10526315789474	50.0	150.0	27.27272727272727	760.0
GmC01013_CKDL210018111-1a-AK9141-AK4971_HH72GDSX2_L1_1	70.06821719859532	49.0	150.0	9.090909090909092	193353.0
GmC01013_CKDL210018111-1a-AK9141-AK4971_HH72GDSX2_L1_2	66.96870490760423	49.0	150.0	9.090909090909092	193353.0
GmC01014_CKDL210018111-1a-AK3905-AK4971_HH72GDSX2_L1_1	77.09213641435773	48.0	150.0	9.090909090909092	9665046.0
GmC01014_CKDL210018111-1a-AK3905-AK4971_HH72GDSX2_L1_2	72.21784004253774	48.0	150.0	9.090909090909092	9665046.0
GmC01016_CKDL210018111-1a-5UDI298-AK4971_HH72GDSX2_L1_1	75.88548702399561	49.0	150.0	9.090909090909092	11615850.0
GmC01016_CKDL210018111-1a-5UDI298-AK4971_HH72GDSX2_L1_2	71.10157711703631	50.0	150.0	9.090909090909092	11615850.0
GmC01017_CKDL210018111-1a-AK9142-AK4971_HH72GDSX2_L1_1	80.64772556557288	44.0	150.0	18.181818181818183	9281304.0
GmC01017_CKDL210018111-1a-AK9142-AK4971_HH72GDSX2_L1_2	75.38625559744433	44.0	150.0	18.181818181818183	9281304.0
GmC01018_CKDL210018111-1a-AK8410-AK4971_HH72GDSX2_L1_1	74.75622325121512	50.0	150.0	18.181818181818183	7093282.0
GmC01018_CKDL210018111-1a-AK8410-AK4971_HH72GDSX2_L1_2	71.33607225445431	50.0	150.0	18.181818181818183	7093282.0
GmC01021_CKDL210018111-1a-AK6881-AK4971_HH72GDSX2_L1_1	40.426870583680184	48.0	150.0	9.090909090909092	41324.0
GmC01021_CKDL210018111-1a-AK6881-AK4971_HH72GDSX2_L1_2	38.35301519697997	48.0	150.0	9.090909090909092	41324.0
GmC01022_CKDL210018111-1a-AK6260-AK4971_HH72GDSX2_L1_1	72.22035345563692	50.0	150.0	18.181818181818183	77294.0
GmC01022_CKDL210018111-1a-AK6260-AK4971_HH72GDSX2_L1_2	67.55375578958262	50.0	150.0	18.181818181818183	77294.0
GmC01026_CKDL210018111-1a-AK3905-AK1864_HH72GDSX2_L1_1	79.52242938969627	47.0	150.0	9.090909090909092	28851474.0
GmC01026_CKDL210018111-1a-AK3905-AK1864_HH72GDSX2_L1_2	75.51434110825974	48.0	150.0	18.181818181818183	28851474.0
GmC01028_CKDL210018111-1a-5UDI298-AK1864_HH72GDSX2_L1_1	78.02551532438605	48.0	150.0	9.090909090909092	6030792.0
GmC01028_CKDL210018111-1a-5UDI298-AK1864_HH72GDSX2_L1_2	72.48122544463617	49.0	150.0	9.090909090909092	6030792.0
GmC01029_CKDL210018111-1a-AK9142-AK1864_HH72GDSX2_L1_1	77.85894231664744	46.0	150.0	18.181818181818183	15512481.0
GmC01029_CKDL210018111-1a-AK9142-AK1864_HH72GDSX2_L1_2	73.6037092989973	47.0	150.0	18.181818181818183	15512481.0
GmC01032_CKDL210018111-1a-AK7759-AK1864_HH72GDSX2_L1_1	83.50797787468204	43.0	150.0	18.181818181818183	9084463.0
GmC01032_CKDL210018111-1a-AK7759-AK1864_HH72GDSX2_L1_2	76.49393082109827	43.0	150.0	18.181818181818183	9084463.0
GmC01033_CKDL210018111-1a-AK6881-AK1864_HH72GDSX2_L1_1	76.99458942729935	50.0	150.0	18.181818181818183	12852955.0
GmC01033_CKDL210018111-1a-AK6881-AK1864_HH72GDSX2_L1_2	72.6833987318355	51.0	150.0	9.090909090909092	12852955.0
GmC01035_CKDL210018111-1a-AK7010-AK1864_HH72GDSX2_L1_1	70.88576222069702	51.0	150.0	27.27272727272727	104904.0
GmC01035_CKDL210018111-1a-AK7010-AK1864_HH72GDSX2_L1_2	67.20906733775642	51.0	150.0	27.27272727272727	104904.0
GmC01036_CKDL210018111-1a-5UDI312-AK1864_HH72GDSX2_L1_1	72.50824260897548	51.0	150.0	27.27272727272727	164693.0
GmC01036_CKDL210018111-1a-5UDI312-AK1864_HH72GDSX2_L1_2	68.7211964078619	52.0	150.0	27.27272727272727	164693.0
GmC01037_CKDL210018111-1a-AK9141-AK7558_HH72GDSX2_L1_1	69.91049051199427	51.0	150.0	27.27272727272727	69825.0
GmC01037_CKDL210018111-1a-AK9141-AK7558_HH72GDSX2_L1_2	66.11815252416756	51.0	150.0	36.36363636363637	69825.0
GmC01038_CKDL210018111-1a-AK3905-AK7558_HH72GDSX2_L1_1	78.83599654966025	49.0	150.0	9.090909090909092	11583718.0
GmC01038_CKDL210018111-1a-AK3905-AK7558_HH72GDSX2_L1_2	74.01722825599751	49.0	150.0	9.090909090909092	11583718.0
GmC01040_CKDL210018111-1a-5UDI298-AK7558_HH72GDSX2_L1_1	47.878787878787875	49.0	150.0	18.181818181818183	7755.0
GmC01040_CKDL210018111-1a-5UDI298-AK7558_HH72GDSX2_L1_2	45.71244358478401	49.0	150.0	18.181818181818183	7755.0
GmC01041_CKDL210018111-1a-AK9142-AK7558_HH72GDSX2_L1_1	79.36414071612757	45.0	150.0	18.181818181818183	17432802.0
GmC01041_CKDL210018111-1a-AK9142-AK7558_HH72GDSX2_L1_2	74.94010802077506	45.0	150.0	18.181818181818183	17432802.0
GmC01042_CKDL210018111-1a-AK8410-AK7558_HH72GDSX2_L1_1	69.08662492346333	48.0	150.0	9.090909090909092	937729.0
GmC01042_CKDL210018111-1a-AK8410-AK7558_HH72GDSX2_L1_2	65.77311077481743	48.0	150.0	9.090909090909092	937729.0
GmC01045_CKDL210018111-1a-AK6881-AK7558_HH72GDSX2_L1_1	79.47625936793507	49.0	150.0	9.090909090909092	15336412.0
GmC01045_CKDL210018111-1a-AK6881-AK7558_HH72GDSX2_L1_2	74.33878544880002	50.0	150.0	9.090909090909092	15336412.0
GmC01047_CKDL210018111-1a-AK7010-AK7558_HH72GDSX2_L1_1	69.93917482076678	46.0	150.0	27.27272727272727	276037.0
GmC01047_CKDL210018111-1a-AK7010-AK7558_HH72GDSX2_L1_2	66.73851693794673	47.0	150.0	27.27272727272727	276037.0
GmC01051_CKDL210018111-1a-AK7761-7UDI308_HH72GDSX2_L1_1	51.82763130722104	48.0	150.0	27.27272727272727	14527.0
GmC01051_CKDL210018111-1a-AK7761-7UDI308_HH72GDSX2_L1_2	48.89516073518276	48.0	150.0	9.090909090909092	14527.0
GmC01053_CKDL210018111-1a-AK9142-7UDI308_HH72GDSX2_L1_1	77.10659865820172	48.0	150.0	9.090909090909092	44162128.0
GmC01053_CKDL210018111-1a-AK9142-7UDI308_HH72GDSX2_L1_2	73.66268162952146	49.0	150.0	9.090909090909092	44162128.0
GmC01054_CKDL210018111-1a-AK8410-7UDI308_HH72GDSX2_L1_1	73.25285755024737	45.0	150.0	18.181818181818183	8425080.0
GmC01054_CKDL210018111-1a-AK8410-7UDI308_HH72GDSX2_L1_2	69.74009831759176	46.0	150.0	18.181818181818183	8425080.0
GmC01057_CKDL210018111-1a-AK6881-7UDI308_HH72GDSX2_L1_1	82.75598204964508	44.0	150.0	18.181818181818183	11471892.0
GmC01057_CKDL210018111-1a-AK6881-7UDI308_HH72GDSX2_L1_2	78.47804962777448	45.0	150.0	18.181818181818183	11471892.0
GmC01058_CKDL210018111-1a-AK6260-7UDI308_HH72GDSX2_L1_1	69.42585149786129	48.0	150.0	27.27272727272727	131621.0
GmC01058_CKDL210018111-1a-AK6260-7UDI308_HH72GDSX2_L1_2	64.93644631175876	49.0	150.0	18.181818181818183	131621.0
GmC01061_CKDL210018111-1a-AK9141-AK2587_HH72GDSX2_L1_1	74.88707805329514	48.0	150.0	9.090909090909092	1038454.0
GmC01061_CKDL210018111-1a-AK9141-AK2587_HH72GDSX2_L1_2	69.6397944493729	49.0	150.0	9.090909090909092	1038454.0
GmC01062_CKDL210018111-1a-AK3905-AK2587_HH72GDSX2_L1_1	36.81997891407486	47.0	150.0	9.090909090909092	75880.0
GmC01062_CKDL210018111-1a-AK3905-AK2587_HH72GDSX2_L1_2	34.44517659462308	48.0	150.0	9.090909090909092	75880.0
GmC01066_CKDL210018111-1a-AK8410-AK2587_HH72GDSX2_L1_1	77.85530500923741	48.0	150.0	9.090909090909092	46683850.0
GmC01066_CKDL210018111-1a-AK8410-AK2587_HH72GDSX2_L1_2	74.05921681092121	48.0	150.0	9.090909090909092	46683850.0
GmC01068_CKDL210018111-1a-AK7759-AK2587_HH72GDSX2_L1_1	71.04798944064764	49.0	150.0	9.090909090909092	956886.0
GmC01068_CKDL210018111-1a-AK7759-AK2587_HH72GDSX2_L1_2	66.96179166556564	49.0	150.0	9.090909090909092	956886.0
GmC01069_CKDL210018111-1a-AK6881-AK2587_HH72GDSX2_L1_1	78.7563533140221	47.0	150.0	9.090909090909092	65098134.0
GmC01069_CKDL210018111-1a-AK6881-AK2587_HH72GDSX2_L1_2	74.7407052704888	47.0	150.0	9.090909090909092	65098134.0
GmC01070_CKDL210018111-1a-AK6260-AK2587_HH72GDSX2_L1_1	69.72769851757958	48.0	150.0	9.090909090909092	111237.0
GmC01070_CKDL210018111-1a-AK6260-AK2587_HH72GDSX2_L1_2	65.6427267905463	49.0	150.0	18.181818181818183	111237.0
GmC01071_CKDL210018111-1a-AK7010-AK2587_HH72GDSX2_L1_1	69.55346380417953	50.0	150.0	9.090909090909092	445044.0
GmC01071_CKDL210018111-1a-AK7010-AK2587_HH72GDSX2_L1_2	66.3075431842232	50.0	150.0	18.181818181818183	445044.0
GmC01072_CKDL210018111-1a-5UDI312-AK2587_HH72GDSX2_L1_1	79.71330493274793	52.0	150.0	27.27272727272727	4959186.0
GmC01072_CKDL210018111-1a-5UDI312-AK2587_HH72GDSX2_L1_2	74.23515881134736	52.0	150.0	27.27272727272727	4959186.0
GmC01073_CKDL210018111-1a-AK9141-GC12_HH72GDSX2_L1_1	79.47316524157691	46.0	150.0	27.27272727272727	12834155.0
GmC01073_CKDL210018111-1a-AK9141-GC12_HH72GDSX2_L1_2	73.09955650870077	47.0	150.0	27.27272727272727	12834155.0
GmC01074_CKDL210018111-1a-AK3905-GC12_HH72GDSX2_L1_1	72.61862729330119	49.0	150.0	18.181818181818183	2048719.0
GmC01074_CKDL210018111-1a-AK3905-GC12_HH72GDSX2_L1_2	68.89746822877711	49.0	150.0	9.090909090909092	2048719.0
GmC01075_CKDL210018111-1a-AK7761-GC12_HH72GDSX2_L1_1	76.90044635680869	49.0	150.0	18.181818181818183	10771786.0
GmC01075_CKDL210018111-1a-AK7761-GC12_HH72GDSX2_L1_2	72.68476444510311	49.0	150.0	18.181818181818183	10771786.0
GmC01077_CKDL210018111-1a-AK9142-GC12_HH72GDSX2_L1_1	76.87379857445	50.0	150.0	18.181818181818183	44652226.0
GmC01077_CKDL210018111-1a-AK9142-GC12_HH72GDSX2_L1_2	73.11138238670198	50.0	150.0	18.181818181818183	44652226.0
GmC01078_CKDL210018111-1a-AK8410-GC12_HH72GDSX2_L1_1	76.54222851025274	48.0	150.0	9.090909090909092	14820863.0
GmC01078_CKDL210018111-1a-AK8410-GC12_HH72GDSX2_L1_2	72.77770795548625	49.0	150.0	9.090909090909092	14820863.0
GmC01080_CKDL210018111-1a-AK7759-GC12_HH72GDSX2_L1_1	42.5682994343483	47.0	150.0	18.181818181818183	33236.0
GmC01080_CKDL210018111-1a-AK7759-GC12_HH72GDSX2_L1_2	39.333854856180054	48.0	150.0	9.090909090909092	33236.0
GmC01081_CKDL210018111-1a-AK6881-GC12_HH72GDSX2_L1_1	70.89993519506922	50.0	150.0	18.181818181818183	3893477.0
GmC01081_CKDL210018111-1a-AK6881-GC12_HH72GDSX2_L1_2	67.28712509996868	50.0	150.0	18.181818181818183	3893477.0
GmC01082_CKDL210018111-1a-AK6260-GC12_HH72GDSX2_L1_1	65.73996068520078	51.0	150.0	27.27272727272727	10683.0
GmC01082_CKDL210018111-1a-AK6260-GC12_HH72GDSX2_L1_2	61.45277543761116	52.0	150.0	27.27272727272727	10683.0
GmC01085_CKDL210018111-1a-AK9141-7UDI246_HH72GDSX2_L1_1	73.91594642438197	49.0	150.0	9.090909090909092	2204443.0
GmC01085_CKDL210018111-1a-AK9141-7UDI246_HH72GDSX2_L1_2	69.71248861676762	49.0	150.0	9.090909090909092	2204443.0
GmC01086_CKDL210018111-1a-AK3905-7UDI246_HH72GDSX2_L1_1	77.5687253329116	49.0	150.0	18.181818181818183	21160712.0
GmC01086_CKDL210018111-1a-AK3905-7UDI246_HH72GDSX2_L1_2	73.63827246866946	50.0	150.0	18.181818181818183	21160712.0
GmC01087_CKDL210018111-1a-AK7761-7UDI246_HH72GDSX2_L1_1	75.53951294544952	47.0	150.0	9.090909090909092	7192162.0
GmC01087_CKDL210018111-1a-AK7761-7UDI246_HH72GDSX2_L1_2	71.43506627467929	48.0	150.0	9.090909090909092	7192162.0
GmC01089_CKDL210018111-1a-AK9142-7UDI246_HH72GDSX2_L1_1	75.59270434451794	48.0	150.0	9.090909090909092	21973078.0
GmC01089_CKDL210018111-1a-AK9142-7UDI246_HH72GDSX2_L1_2	71.09683779810732	49.0	150.0	9.090909090909092	21973078.0
GmC01090_CKDL210018111-1a-AK8410-7UDI246_HH72GDSX2_L1_1	74.26699730187033	49.0	150.0	9.090909090909092	10211148.0
GmC01090_CKDL210018111-1a-AK8410-7UDI246_HH72GDSX2_L1_2	69.59684720842478	49.0	150.0	9.090909090909092	10211148.0
GmC01092_CKDL210018111-1a-AK7759-7UDI246_HH72GDSX2_L1_1	75.6006219052371	48.0	150.0	9.090909090909092	13351158.0
GmC01092_CKDL210018111-1a-AK7759-7UDI246_HH72GDSX2_L1_2	70.95109777202353	49.0	150.0	9.090909090909092	13351158.0
GmC01093_CKDL210018111-1a-AK6881-7UDI246_HH72GDSX2_L1_1	38.97845452943011	48.0	150.0	9.090909090909092	73751.0
GmC01093_CKDL210018111-1a-AK6881-7UDI246_HH72GDSX2_L1_2	36.63272362408645	48.0	150.0	9.090909090909092	73751.0
GmC01094_CKDL210018111-1a-AK6260-7UDI246_HH72GDSX2_L1_1	72.10969838262335	50.0	150.0	18.181818181818183	357307.0
GmC01094_CKDL210018111-1a-AK6260-7UDI246_HH72GDSX2_L1_2	68.55696712418825	51.0	150.0	18.181818181818183	357307.0
GmC01095_CKDL210018111-1a-AK7010-7UDI246_HH72GDSX2_L1_1	77.08746166305319	49.0	150.0	18.181818181818183	439312.0
GmC01095_CKDL210018111-1a-AK7010-7UDI246_HH72GDSX2_L1_2	72.65256334348028	50.0	150.0	18.181818181818183	439312.0
GmC01096_CKDL210018111-1a-5UDI312-7UDI246_HH72GDSX2_L1_1	61.067083379841506	48.0	150.0	27.27272727272727	17918.0
GmC01096_CKDL210018111-1a-5UDI312-7UDI246_HH72GDSX2_L1_2	57.99754436879116	49.0	150.0	36.36363636363637	17918.0
GmC02001_CKDL210018111-1a-5UDI298-7UDI243_HH72GDSX2_L1_1	70.88983256763073	49.0	150.0	9.090909090909092	1059388.0
GmC02001_CKDL210018111-1a-5UDI298-7UDI243_HH72GDSX2_L1_2	67.90595268656254	49.0	150.0	9.090909090909092	1059388.0
GmC02002_CKDL210018111-1a-AK9142-AK33_HH72GDSX2_L1_1	67.51920975323075	48.0	150.0	9.090909090909092	915632.0
GmC02002_CKDL210018111-1a-AK9142-AK33_HH72GDSX2_L1_2	64.55244721121727	48.0	150.0	9.090909090909092	915632.0
GmC02006_CKDL210018111-1a-AK6260-AK8544_HH72GDSX2_L1_1	71.50045847963679	52.0	150.0	27.27272727272727	44713.0
GmC02006_CKDL210018111-1a-AK6260-AK8544_HH72GDSX2_L1_2	67.80802003891486	52.0	150.0	27.27272727272727	44713.0
GmC02007_CKDL210018111-1a-AK7010-AK892_HH72GDSX2_L1_1	33.991139750302054	48.0	150.0	9.090909090909092	2483.0
GmC02007_CKDL210018111-1a-AK7010-AK892_HH72GDSX2_L1_2	32.339911397503016	49.0	150.0	9.090909090909092	2483.0
GmC02008_CKDL210018111-1a-AK7759-7UDI243_HH72GDSX2_L1_1	61.77001030573686	50.0	150.0	18.181818181818183	46576.0
GmC02008_CKDL210018111-1a-AK7759-7UDI243_HH72GDSX2_L1_2	57.96762281003092	51.0	150.0	18.181818181818183	46576.0
GmC02011_CKDL210018111-1a-AK9142-7UDI298_HH72GDSX2_L1_1	73.55904791576856	48.0	150.0	9.090909090909092	18181942.0
GmC02011_CKDL210018111-1a-AK9142-7UDI298_HH72GDSX2_L1_2	70.62216509460318	49.0	150.0	9.090909090909092	18181942.0
GmC02012_CKDL210018111-1a-AK6260-AK9148_HH72GDSX2_L1_1	67.64923334083385	50.0	150.0	18.181818181818183	62218.0
GmC02012_CKDL210018111-1a-AK6260-AK9148_HH72GDSX2_L1_2	64.43151499566042	50.0	150.0	18.181818181818183	62218.0
GmC02013_CKDL210018111-1a-AK6881-AK9148_HH72GDSX2_L1_1	66.92010401752306	49.0	150.0	9.090909090909092	292643.0
GmC02013_CKDL210018111-1a-AK6881-AK9148_HH72GDSX2_L1_2	65.19468112550233	50.0	150.0	9.090909090909092	292643.0
GmC02014_CKDL210018111-1a-AK9142-AK892_HH72GDSX2_L1_1	65.64783233488211	48.0	150.0	9.090909090909092	503968.0
GmC02014_CKDL210018111-1a-AK9142-AK892_HH72GDSX2_L1_2	63.207008824691236	49.0	150.0	9.090909090909092	503968.0
GmC02015_CKDL210018111-1a-5UDI312-AK33_HH72GDSX2_L1_1	67.59154385084406	48.0	150.0	9.090909090909092	147443.0
GmC02015_CKDL210018111-1a-5UDI312-AK33_HH72GDSX2_L1_2	65.10787219467862	48.0	150.0	9.090909090909092	147443.0
GmC02016_CKDL210018111-1a-AK9142-AK4997_HH72GDSX2_L1_1	37.33217304823471	49.0	150.0	18.181818181818183	16088.0
GmC02016_CKDL210018111-1a-AK9142-AK4997_HH72GDSX2_L1_2	34.908005967180515	50.0	150.0	18.181818181818183	16088.0
GmC02017_CKDL210018111-1a-AK9142-7UDI243_HH72GDSX2_L1_1	63.23731843703057	49.0	150.0	18.181818181818183	175077.0
GmC02017_CKDL210018111-1a-AK9142-7UDI243_HH72GDSX2_L1_2	60.89377816617831	50.0	150.0	18.181818181818183	175077.0
GmC02018_CKDL210018111-1a-AK9142-AK9148_HH72GDSX2_L1_1	75.66671089908655	50.0	150.0	18.181818181818183	14323158.0
GmC02018_CKDL210018111-1a-AK9142-AK9148_HH72GDSX2_L1_2	72.22904099499706	50.0	150.0	18.181818181818183	14323158.0
GmC02019_CKDL210018111-1a-AK7761-AK9148_HH72GDSX2_L1_1	70.51640181276531	48.0	150.0	9.090909090909092	118493.0
GmC02019_CKDL210018111-1a-AK7761-AK9148_HH72GDSX2_L1_2	67.81582034381778	48.0	150.0	18.181818181818183	118493.0
GmC02020_CKDL210018111-1a-AK6881-AK33_HH72GDSX2_L1_1	75.70518264524902	52.0	150.0	18.181818181818183	4659203.0
GmC02020_CKDL210018111-1a-AK6881-AK33_HH72GDSX2_L1_2	72.08215687587924	52.0	150.0	18.181818181818183	4659203.0
GmC02021_CKDL210018111-1a-AK6260-7UDI227_HH72GDSX2_L1_1	40.31007751937985	48.0	150.0	27.27272727272727	258.0
GmC02021_CKDL210018111-1a-AK6260-7UDI227_HH72GDSX2_L1_2	36.04651162790697	49.0	150.0	36.36363636363637	258.0
GmC02022_CKDL210018111-1a-AK3905-7UDI227_HH72GDSX2_L1_1	78.56913556424182	50.0	150.0	18.181818181818183	11121329.0
GmC02022_CKDL210018111-1a-AK3905-7UDI227_HH72GDSX2_L1_2	75.29375787039068	50.0	150.0	18.181818181818183	11121329.0
GmC02023_CKDL210018111-1a-AK6881-AK4997_HH72GDSX2_L1_1	58.211351145453555	52.0	150.0	27.27272727272727	36754.0
GmC02023_CKDL210018111-1a-AK6881-AK4997_HH72GDSX2_L1_2	54.84845186918431	52.0	150.0	27.27272727272727	36754.0
GmC02024_CKDL210018111-1a-AK6260-AK4997_HH72GDSX2_L1_1	27.38095238095238	48.0	150.0	27.27272727272727	168.0
GmC02024_CKDL210018111-1a-AK6260-AK4997_HH72GDSX2_L1_2	26.785714285714292	49.0	150.0	36.36363636363637	168.0
GmC02025_CKDL210018111-1a-AK7010-7UDI243_HH72GDSX2_L1_1	74.9829654111926	49.0	150.0	18.181818181818183	8607057.0
GmC02025_CKDL210018111-1a-AK7010-7UDI243_HH72GDSX2_L1_2	71.26925473150011	50.0	150.0	18.181818181818183	8607057.0
GmC02026_CKDL210018111-1a-AK9141-AK4997_HH72GDSX2_L1_1	65.96048333386192	49.0	150.0	27.27272727272727	31531.0
GmC02026_CKDL210018111-1a-AK9141-AK4997_HH72GDSX2_L1_2	62.500396435254196	50.0	150.0	18.181818181818183	31531.0
GmC02027_CKDL210018111-1a-AK7010-AK8544_HH72GDSX2_L1_1	70.61001441819897	51.0	150.0	27.27272727272727	56179.0
GmC02027_CKDL210018111-1a-AK7010-AK8544_HH72GDSX2_L1_2	68.03965894729347	51.0	150.0	18.181818181818183	56179.0
GmC02029_CKDL210018111-1a-5UDI298-AK892_HH72GDSX2_L1_1	66.07023690357023	48.0	150.0	18.181818181818183	47952.0
GmC02029_CKDL210018111-1a-5UDI298-AK892_HH72GDSX2_L1_2	64.01818485151819	48.0	150.0	18.181818181818183	47952.0
GmC02031_CKDL210018111-1a-AK9141-7UDI227_HH72GDSX2_L1_1	74.23293779279282	50.0	150.0	18.181818181818183	2477106.0
GmC02031_CKDL210018111-1a-AK9141-7UDI227_HH72GDSX2_L1_2	70.20690025602448	50.0	150.0	18.181818181818183	2477106.0
GmC02033_CKDL210018111-1a-AK6881-7UDI227_HH72GDSX2_L1_1	63.45607402014888	49.0	150.0	18.181818181818183	85166.0
GmC02033_CKDL210018111-1a-AK6881-7UDI227_HH72GDSX2_L1_2	60.45487635911044	50.0	150.0	18.181818181818183	85166.0
GmC02034_CKDL210018111-1a-AK8410-7UDI227_HH72GDSX2_L1_1	71.34601130314152	52.0	150.0	18.181818181818183	393404.0
GmC02034_CKDL210018111-1a-AK8410-7UDI227_HH72GDSX2_L1_2	68.15249101522681	52.0	150.0	18.181818181818183	393404.0
GmC02035_CKDL210018111-1a-AK6881-AK892_HH72GDSX2_L1_1	72.54868304369496	48.0	150.0	9.090909090909092	15141939.0
GmC02035_CKDL210018111-1a-AK6881-AK892_HH72GDSX2_L1_2	69.3846036881751	48.0	150.0	9.090909090909092	15141939.0
GmC02036_CKDL210018111-1a-AK9141-AK9148_HH72GDSX2_L1_1	73.3637854337724	50.0	150.0	18.181818181818183	1095681.0
GmC02036_CKDL210018111-1a-AK9141-AK9148_HH72GDSX2_L1_2	70.22260145117646	50.0	150.0	18.181818181818183	1095681.0
GmC02038_CKDL210018111-1a-AK7759-7UDI227_HH72GDSX2_L1_1	71.76374392766101	53.0	150.0	18.181818181818183	207910.0
GmC02038_CKDL210018111-1a-AK7759-7UDI227_HH72GDSX2_L1_2	68.29397335385502	53.0	150.0	9.090909090909092	207910.0
GmC02039_CKDL210018111-1a-5UDI312-7UDI243_HH72GDSX2_L1_1	69.96486832963097	50.0	150.0	27.27272727272727	102187.0
GmC02039_CKDL210018111-1a-5UDI312-7UDI243_HH72GDSX2_L1_2	66.85096930137885	51.0	150.0	27.27272727272727	102187.0
GmC02041_CKDL210018111-1a-AK6881-7UDI243_HH72GDSX2_L1_1	57.19192884278532	51.0	150.0	18.181818181818183	87918.0
GmC02041_CKDL210018111-1a-AK6881-7UDI243_HH72GDSX2_L1_2	54.75329284105644	51.0	150.0	9.090909090909092	87918.0
GmC02043_CKDL210018111-1a-5UDI298-AK4997_HH72GDSX2_L1_1	64.48339483394834	49.0	150.0	18.181818181818183	21680.0
GmC02043_CKDL210018111-1a-5UDI298-AK4997_HH72GDSX2_L1_2	62.27859778597786	50.0	150.0	27.27272727272727	21680.0
GmC02044_CKDL210018111-1a-AK3905-7UDI243_HH72GDSX2_L1_1	78.65300924105723	50.0	150.0	18.181818181818183	18565112.0
GmC02044_CKDL210018111-1a-AK3905-7UDI243_HH72GDSX2_L1_2	75.15460737525825	50.0	150.0	18.181818181818183	18565112.0
GmC02048_CKDL210018111-1a-AK7759-AK9148_HH72GDSX2_L1_1	69.82601199469786	52.0	150.0	9.090909090909092	107881.0
GmC02048_CKDL210018111-1a-AK7759-AK9148_HH72GDSX2_L1_2	66.11173422567458	53.0	150.0	9.090909090909092	107881.0
GmC02049_CKDL210018111-1a-AK8410-AK892_HH72GDSX2_L1_1	77.7733709526565	52.0	150.0	18.181818181818183	1348093.0
GmC02049_CKDL210018111-1a-AK8410-AK892_HH72GDSX2_L1_2	74.83870227773434	53.0	150.0	18.181818181818183	1348093.0
GmC02050_CKDL210018111-1a-AK3905-AK9148_HH72GDSX2_L1_1	74.48584194340786	49.0	150.0	9.090909090909092	1226729.0
GmC02050_CKDL210018111-1a-AK3905-AK9148_HH72GDSX2_L1_2	70.90753473165572	50.0	150.0	9.090909090909092	1226729.0
GmC02052_CKDL210018111-1a-AK6881-7UDI298_HH72GDSX2_L1_1	78.5939656285038	51.0	150.0	27.27272727272727	11092045.0
GmC02052_CKDL210018111-1a-AK6881-7UDI298_HH72GDSX2_L1_2	75.5759583798861	52.0	150.0	27.27272727272727	11092045.0
GmC02054_CKDL210018111-1a-AK3905-AK8544_HH72GDSX2_L1_1	60.61330770434277	49.0	150.0	27.27272727272727	44741.0
GmC02054_CKDL210018111-1a-AK3905-AK8544_HH72GDSX2_L1_2	57.65405332916117	50.0	150.0	27.27272727272727	44741.0
GmC02056_CKDL210018111-1a-AK8410-AK4997_HH72GDSX2_L1_1	80.87155749129404	52.0	150.0	18.181818181818183	12864164.0
GmC02056_CKDL210018111-1a-AK8410-AK4997_HH72GDSX2_L1_2	77.18299699277762	52.0	150.0	18.181818181818183	12864164.0
GmC02057_CKDL210018111-1a-AK7010-7UDI227_HH72GDSX2_L1_1	34.63056965595037	49.0	150.0	9.090909090909092	1773.0
GmC02057_CKDL210018111-1a-AK7010-7UDI227_HH72GDSX2_L1_2	32.882120699379584	50.0	150.0	18.181818181818183	1773.0
GmC02059_CKDL210018111-1a-AK8410-AK8544_HH72GDSX2_L1_1	80.81258926649436	51.0	150.0	18.181818181818183	11464301.0
GmC02059_CKDL210018111-1a-AK8410-AK8544_HH72GDSX2_L1_2	77.15148200424639	52.0	150.0	18.181818181818183	11464301.0
GmC02063_CKDL210018111-1a-AK6881-AK8544_HH72GDSX2_L1_1	78.40515170294279	51.0	150.0	18.181818181818183	9649128.0
GmC02063_CKDL210018111-1a-AK6881-AK8544_HH72GDSX2_L1_2	74.8583163352539	51.0	150.0	18.181818181818183	9649128.0
GmC02064_CKDL210018111-1a-AK6260-7UDI298_HH72GDSX2_L1_1	66.55339805825243	53.0	150.0	36.36363636363637	6180.0
GmC02064_CKDL210018111-1a-AK6260-7UDI298_HH72GDSX2_L1_2	62.2168284789644	54.0	150.0	27.27272727272727	6180.0
GmC02066_CKDL210018111-1a-AK3905-AK4997_HH72GDSX2_L1_1	58.9741615002503	50.0	150.0	27.27272727272727	25969.0
GmC02066_CKDL210018111-1a-AK3905-AK4997_HH72GDSX2_L1_2	56.39031152528014	50.0	150.0	27.27272727272727	25969.0
GmC02068_CKDL210018111-1a-AK7759-AK8544_HH72GDSX2_L1_1	76.54011787861398	53.0	150.0	27.27272727272727	186463.0
GmC02068_CKDL210018111-1a-AK7759-AK8544_HH72GDSX2_L1_2	73.41617371811029	53.0	150.0	27.27272727272727	186463.0
GmC02069_CKDL210018111-1a-AK8410-7UDI298_HH72GDSX2_L1_1	66.76668566556599	50.0	150.0	18.181818181818183	212293.0
GmC02069_CKDL210018111-1a-AK8410-7UDI298_HH72GDSX2_L1_2	63.560268120003954	50.0	150.0	9.090909090909092	212293.0
GmC02072_CKDL210018111-1a-AK8410-AK9148_HH72GDSX2_L1_1	76.43969630581105	50.0	150.0	27.27272727272727	10747325.0
GmC02072_CKDL210018111-1a-AK8410-AK9148_HH72GDSX2_L1_2	74.21349224648134	50.0	150.0	27.27272727272727	10747325.0
GmC02075_CKDL210018111-1a-AK9142-7UDI227_HH72GDSX2_L1_1	41.029568769437866	48.0	150.0	18.181818181818183	21543.0
GmC02075_CKDL210018111-1a-AK9142-7UDI227_HH72GDSX2_L1_2	38.71327113215429	49.0	150.0	18.181818181818183	21543.0
GmC02077_CKDL210018111-1a-AK7761-7UDI298_HH72GDSX2_L1_1	68.62212565634618	49.0	150.0	27.27272727272727	49707.0
GmC02077_CKDL210018111-1a-AK7761-7UDI298_HH72GDSX2_L1_2	65.89816323656628	50.0	150.0	27.27272727272727	49707.0
GmC02080_CKDL210018111-1a-AK9141-AK8544_HH72GDSX2_L1_1	38.57854707579334	49.0	150.0	18.181818181818183	3813.0
GmC02080_CKDL210018111-1a-AK9141-AK8544_HH72GDSX2_L1_2	35.457644899029646	49.0	150.0	18.181818181818183	3813.0
GmC02082_CKDL210018111-1a-AK3905-AK892_HH72GDSX2_L1_1	73.19219238431097	49.0	150.0	18.181818181818183	450289.0
GmC02082_CKDL210018111-1a-AK3905-AK892_HH72GDSX2_L1_2	70.47704964638547	49.0	150.0	18.181818181818183	450289.0
GmC02083_CKDL210018111-1a-AK3905-AK33_HH72GDSX2_L1_1	74.90514230097449	48.0	150.0	9.090909090909092	10208617.0
GmC02083_CKDL210018111-1a-AK3905-AK33_HH72GDSX2_L1_2	71.29335811691922	49.0	150.0	9.090909090909092	10208617.0
GmC02086_CKDL210018111-1a-AK7759-AK33_HH72GDSX2_L1_1	81.11839785275873	50.0	150.0	18.181818181818183	16184952.0
GmC02086_CKDL210018111-1a-AK7759-AK33_HH72GDSX2_L1_2	76.7672653634883	50.0	150.0	18.181818181818183	16184952.0
GmC02087_CKDL210018111-1a-AK8410-AK33_HH72GDSX2_L1_1	74.11078710253032	49.0	150.0	9.090909090909092	16116929.0
GmC02087_CKDL210018111-1a-AK8410-AK33_HH72GDSX2_L1_2	70.94587970157941	49.0	150.0	9.090909090909092	16116929.0
GmC02092_CKDL210018111-1a-AK9141-AK892_HH72GDSX2_L1_1	71.56054225738917	49.0	150.0	9.090909090909092	251246.0
GmC02092_CKDL210018111-1a-AK9141-AK892_HH72GDSX2_L1_2	69.00686976111062	49.0	150.0	9.090909090909092	251246.0
GmC02095_CKDL210018111-1a-AK7761-7UDI227_HH72GDSX2_L1_1	74.33434513429293	49.0	150.0	9.090909090909092	573538.0
GmC02095_CKDL210018111-1a-AK7761-7UDI227_HH72GDSX2_L1_2	70.83020938001725	50.0	150.0	27.27272727272727	573538.0
