Sample	FastQC_mqc-generalstats-fastqc-percent_duplicates	FastQC_mqc-generalstats-fastqc-percent_gc	FastQC_mqc-generalstats-fastqc-avg_sequence_length	FastQC_mqc-generalstats-fastqc-percent_fails	FastQC_mqc-generalstats-fastqc-total_sequences
Gmi-ABas_001-Ex1-b-cssl2.clmp.fp2_repr.R1	19.465986176663066	49.0	123.9590443833299	9.090909090909092	1853714.0
Gmi-ABas_001-Ex1-b-cssl2.clmp.fp2_repr.R2	17.768439124096147	49.0	123.81387527957388	9.090909090909092	1853714.0
Gmi-ABas_003-Ex1-b-cssl2.clmp.fp2_repr.R1	9.537652320017372	45.0	112.22686856939879	9.090909090909092	2055115.0
Gmi-ABas_003-Ex1-b-cssl2.clmp.fp2_repr.R2	8.270617851589208	45.0	112.18160540894306	9.090909090909092	2055115.0
Gmi-ABas_004-Ex1-b-cssl2.clmp.fp2_repr.R1	12.226574040580502	48.0	114.16683743022146	9.090909090909092	1275643.0
Gmi-ABas_004-Ex1-b-cssl2.clmp.fp2_repr.R2	10.75998134412886	48.0	114.16494818691436	0.0	1275643.0
Gmi-ABas_008-Ex1-b-cssl.clmp.fp2_repr.R1	17.12717441753496	66.0	137.68165583342739	9.090909090909092	4403269.0
Gmi-ABas_008-Ex1-b-cssl.clmp.fp2_repr.R2	13.742175482836458	67.0	137.2880366836548	9.090909090909092	4403269.0
Gmi-ABas_009-Ex1-b-cssl.clmp.fp2_repr.R1	8.506411597572836	44.0	112.04059305168391	9.090909090909092	2573199.0
Gmi-ABas_009-Ex1-b-cssl.clmp.fp2_repr.R2	8.145247280487581	44.0	112.06973304435452	9.090909090909092	2573199.0
Gmi-ABas_010-Ex1-b-cssl.clmp.fp2_repr.R1	8.51491328054992	44.0	112.7824045339703	9.090909090909092	2711619.0
Gmi-ABas_010-Ex1-b-cssl.clmp.fp2_repr.R2	7.9224217610165795	44.0	112.78880403183486	9.090909090909092	2711619.0
Gmi-ABas_011-Ex1-b-cssl.clmp.fp2_repr.R1	16.148465081474853	48.0	121.75563595621561	9.090909090909092	1717233.0
Gmi-ABas_011-Ex1-b-cssl.clmp.fp2_repr.R2	14.826667857412943	49.0	121.66106230197067	9.090909090909092	1717233.0
Gmi-ABas_012-Ex1-b-cssl.clmp.fp2_repr.R1	13.73073294595281	45.0	115.9784663501904	9.090909090909092	2513090.0
Gmi-ABas_012-Ex1-b-cssl.clmp.fp2_repr.R2	12.600159694958705	46.0	115.91388768408612	9.090909090909092	2513090.0
Gmi-ABas_013-Ex1-b-cssl.clmp.fp2_repr.R1	15.61755438074249	46.0	123.41265051572846	9.090909090909092	1667932.0
Gmi-ABas_013-Ex1-b-cssl.clmp.fp2_repr.R2	14.431080881147892	46.0	123.32880896823131	9.090909090909092	1667932.0
Gmi-ABas_014-Ex1-b-cssl.clmp.fp2_repr.R1	20.080251002695576	45.0	120.65989026893759	18.181818181818183	300553.0
Gmi-ABas_014-Ex1-b-cssl.clmp.fp2_repr.R2	17.77753181703477	45.0	120.71235023440126	9.090909090909092	300553.0
Gmi-ABas_015-Ex1-b-cssl.clmp.fp2_repr.R1	14.350630125525328	44.0	118.354324842933	9.090909090909092	2531722.0
Gmi-ABas_015-Ex1-b-cssl.clmp.fp2_repr.R2	13.4323688679237	44.0	118.36174113903502	9.090909090909092	2531722.0
Gmi-ABas_016-Ex1-b-cssl.clmp.fp2_repr.R1	16.016227471846847	47.0	123.49500718772009	9.090909090909092	2694874.0
Gmi-ABas_016-Ex1-b-cssl.clmp.fp2_repr.R2	14.37750250026238	47.0	123.39676808637435	9.090909090909092	2694874.0
Gmi-ABas_017-Ex1-b-cssl2.clmp.fp2_repr.R1	13.138597778868814	43.0	113.8548871192213	9.090909090909092	2404218.0
Gmi-ABas_017-Ex1-b-cssl2.clmp.fp2_repr.R2	12.131023184223253	43.0	113.90922079445374	9.090909090909092	2404218.0
Gmi-ABas_018-Ex1-b-cssl2.clmp.fp2_repr.R1	9.148591882445317	42.0	112.5711676611898	0.0	2958872.0
Gmi-ABas_018-Ex1-b-cssl2.clmp.fp2_repr.R2	8.806090104800646	42.0	112.68828560343266	0.0	2958872.0
Gmi-ABas_019-Ex1-b-cssl2.clmp.fp2_repr.R1	8.108404389132374	43.0	109.6818991366026	0.0	2191459.0
Gmi-ABas_019-Ex1-b-cssl2.clmp.fp2_repr.R2	7.6480631784911	43.0	109.81689641467169	0.0	2191459.0
Gmi-ABas_022-Ex1-b-cssl2.clmp.fp2_repr.R1	6.780728863247106	42.0	107.53989613784343	0.0	2731505.0
Gmi-ABas_022-Ex1-b-cssl2.clmp.fp2_repr.R2	6.649239366977071	42.0	107.6649242816689	0.0	2731505.0
Gmi-ABas_024-Ex1-b-cssl.clmp.fp2_repr.R1	13.600972629218504	45.0	114.47447708048028	9.090909090909092	2176769.0
Gmi-ABas_024-Ex1-b-cssl.clmp.fp2_repr.R2	12.817832292338537	45.0	114.41696018272954	9.090909090909092	2176769.0
Gmi-ABas_025-Ex1-b-cssl.clmp.fp2_repr.R1	19.045556796362618	42.0	114.53999691509661	9.090909090909092	1750460.0
Gmi-ABas_025-Ex1-b-cssl.clmp.fp2_repr.R2	17.8411407307907	42.0	114.46179575654399	9.090909090909092	1750460.0
Gmi-ABas_026-Ex1-b-cssl.clmp.fp2_repr.R1	50.608379331128305	45.0	130.42680509985667	18.181818181818183	2395283.0
Gmi-ABas_026-Ex1-b-cssl.clmp.fp2_repr.R2	46.17473075569841	45.0	129.99733684913224	9.090909090909092	2395283.0
Gmi-ABas_027-Ex1-b-cssl.clmp.fp2_repr.R1	53.823974165790624	44.0	130.7302931055544	18.181818181818183	2603226.0
Gmi-ABas_027-Ex1-b-cssl.clmp.fp2_repr.R2	49.39691739704322	44.0	130.28872406775287	9.090909090909092	2603226.0
Gmi-ABas_028-Ex1-b-cssl2.clmp.fp2_repr.R1	45.727930137853825	43.0	129.85063874417565	9.090909090909092	2500923.0
Gmi-ABas_028-Ex1-b-cssl2.clmp.fp2_repr.R2	41.906822743925446	43.0	129.48938251997362	9.090909090909092	2500923.0
Gmi-ABas_029-Ex1-b-cssl.clmp.fp2_repr.R1	48.30452384851371	45.0	129.0976670171871	9.090909090909092	2184371.0
Gmi-ABas_029-Ex1-b-cssl.clmp.fp2_repr.R2	43.6101824593004	45.0	128.67008992520044	9.090909090909092	2184371.0
Gmi-ABas_030-Ex1-b-cssl2.clmp.fp2_repr.R1	46.752098190479344	46.0	130.65782986673736	9.090909090909092	1984127.0
Gmi-ABas_030-Ex1-b-cssl2.clmp.fp2_repr.R2	41.22800594516687	46.0	130.2554760859562	9.090909090909092	1984127.0
Gmi-ABas_031-Ex1-b-cssl.clmp.fp2_repr.R1	45.73588437620953	44.0	126.85662696156751	9.090909090909092	2226918.0
Gmi-ABas_031-Ex1-b-cssl.clmp.fp2_repr.R2	41.62136494204479	45.0	126.45865496619095	9.090909090909092	2226918.0
Gmi-ABas_032-Ex1-b-cssl.clmp.fp2_repr.R1	43.08987135099579	45.0	128.20718014249377	9.090909090909092	2073775.0
Gmi-ABas_032-Ex1-b-cssl.clmp.fp2_repr.R2	39.259215550543736	45.0	128.30413714120385	9.090909090909092	2073775.0
Gmi-ABas_033-Ex1-b-cssl2.clmp.fp2_repr.R1	45.02984536617818	44.0	128.7317555089895	9.090909090909092	2090220.0
Gmi-ABas_033-Ex1-b-cssl2.clmp.fp2_repr.R2	41.51747181973809	45.0	128.76748858971783	9.090909090909092	2090220.0
Gmi-ABas_034-Ex1-b-cssl2.clmp.fp2_repr.R1	43.92230393519711	43.0	124.29619461980886	9.090909090909092	1816218.0
Gmi-ABas_034-Ex1-b-cssl2.clmp.fp2_repr.R2	38.48491280794592	43.0	124.37283464870407	9.090909090909092	1816218.0
Gmi-ABas_035-Ex1-b-cssl2.clmp.fp2_repr.R1	45.42557661149177	48.0	132.72759989112149	9.090909090909092	2340223.0
Gmi-ABas_035-Ex1-b-cssl2.clmp.fp2_repr.R2	41.55684078366871	48.0	132.6295938463984	9.090909090909092	2340223.0
Gmi-ABas_036-Ex1-b-cssl.clmp.fp2_repr.R1	45.800526130008066	44.0	131.19978524125784	9.090909090909092	2516312.0
Gmi-ABas_036-Ex1-b-cssl.clmp.fp2_repr.R2	42.56277707636376	44.0	131.19315768473862	9.090909090909092	2516312.0
Gmi-ABas_037-Ex1-b-cssl.clmp.fp2_repr.R1	46.85609553331742	43.0	128.66006210149283	9.090909090909092	3024726.0
Gmi-ABas_037-Ex1-b-cssl.clmp.fp2_repr.R2	43.75417914913221	43.0	128.74469191589586	9.090909090909092	3024726.0
Gmi-ABas_038-Ex1-b-cssl.clmp.fp2_repr.R1	41.190198751746756	46.0	127.2287417986687	9.090909090909092	2367451.0
Gmi-ABas_038-Ex1-b-cssl.clmp.fp2_repr.R2	37.51140641664952	46.0	127.320460698025	9.090909090909092	2367451.0
Gmi-ABas_039-Ex1-b-cssl.clmp.fp2_repr.R1	40.857293921771706	45.0	127.89906147639242	9.090909090909092	1889457.0
Gmi-ABas_039-Ex1-b-cssl.clmp.fp2_repr.R2	37.36749021396884	45.0	127.90585760882624	9.090909090909092	1889457.0
Gmi-ABas_040-Ex1-b-cssl.clmp.fp2_repr.R1	45.971441171095776	44.0	128.09994486354867	9.090909090909092	2414011.0
Gmi-ABas_040-Ex1-b-cssl.clmp.fp2_repr.R2	42.0797453107551	44.0	128.31926407957545	9.090909090909092	2414011.0
Gmi-ABas_041-Ex1-b-cssl.clmp.fp2_repr.R1	47.693611897991964	45.0	131.56368559463908	9.090909090909092	2760271.0
Gmi-ABas_041-Ex1-b-cssl.clmp.fp2_repr.R2	44.12451123919322	45.0	131.79881359475212	9.090909090909092	2760271.0
Gmi-ABas_042-Ex1-b-cssl.clmp.fp2_repr.R1	45.62025478441948	43.0	127.97783401211036	9.090909090909092	2118516.0
Gmi-ABas_042-Ex1-b-cssl.clmp.fp2_repr.R2	42.43518713915731	43.0	128.2582052719923	9.090909090909092	2118516.0
Gmi-ABas_043-Ex1-b-cssl.clmp.fp2_repr.R1	47.0197751882437	45.0	132.00192160032967	9.090909090909092	2217943.0
Gmi-ABas_043-Ex1-b-cssl.clmp.fp2_repr.R2	43.864676774219234	45.0	132.11631813802248	9.090909090909092	2217943.0
Gmi-ABas_045-Ex1-b-cssl2.clmp.fp2_repr.R1	85.47327148611677	28.0	132.07155968681602	18.181818181818183	7402422.0
Gmi-ABas_045-Ex1-b-cssl2.clmp.fp2_repr.R2	82.28374361682728	28.0	132.3390679428976	18.181818181818183	7402422.0
Gmi-ABas_046-Ex1-b-cssl.clmp.fp2_repr.R1	47.10999166881944	45.0	129.80437901359556	9.090909090909092	2965234.0
Gmi-ABas_046-Ex1-b-cssl.clmp.fp2_repr.R2	44.569881808042375	45.0	129.96083951553234	9.090909090909092	2965234.0
Gmi-ABas_047-Ex1-b-cssl2.clmp.fp2_repr.R1	36.29567233752902	42.0	122.86573048620365	9.090909090909092	2252842.0
Gmi-ABas_047-Ex1-b-cssl2.clmp.fp2_repr.R2	34.588195385251794	42.0	123.22311373811391	9.090909090909092	2252842.0
Gmi-ABas_048-Ex1-b-cssl.clmp.fp2_repr.R1	40.8380823971518	45.0	127.56421584341658	9.090909090909092	2311509.0
Gmi-ABas_048-Ex1-b-cssl.clmp.fp2_repr.R2	37.25919082035753	45.0	127.75634098764054	9.090909090909092	2311509.0
Gmi-ABas_049-Ex1-b-cssl2.clmp.fp2_repr.R1	83.45998970319488	29.0	130.57380423804523	18.181818181818183	9467478.0
Gmi-ABas_049-Ex1-b-cssl2.clmp.fp2_repr.R2	78.12335318748673	29.0	130.2719651421424	18.181818181818183	9467478.0
Gmi-ABas_050-Ex1-b-cssl.clmp.fp2_repr.R1	49.00885889848139	44.0	130.64710618307933	9.090909090909092	3487712.0
Gmi-ABas_050-Ex1-b-cssl.clmp.fp2_repr.R2	44.35387335987146	44.0	130.25367375517246	9.090909090909092	3487712.0
Gmi-ABas_051-Ex1-b-cssl.clmp.fp2_repr.R1	47.45041500074396	44.0	130.48980200987236	9.090909090909092	3259809.0
Gmi-ABas_051-Ex1-b-cssl.clmp.fp2_repr.R2	43.45145451420862	44.0	130.17510074976786	9.090909090909092	3259809.0
Gmi-ABas_052-Ex1-b-cssl.clmp.fp2_repr.R1	51.32219173890197	44.0	132.34556475580527	18.181818181818183	3435414.0
Gmi-ABas_052-Ex1-b-cssl.clmp.fp2_repr.R2	48.166200535850514	44.0	131.95656593353814	9.090909090909092	3435414.0
Gmi-ABas_053-Ex1-b-cssl.clmp.fp2_repr.R1	49.59266887452443	43.0	130.46600117797817	9.090909090909092	4494141.0
Gmi-ABas_053-Ex1-b-cssl.clmp.fp2_repr.R2	46.46283759707552	43.0	130.1091385428272	9.090909090909092	4494141.0
Gmi-ABas_055-Ex1-b-cssl2.clmp.fp2_repr.R1	45.12200159870768	43.0	129.1880332272716	9.090909090909092	3576219.0
Gmi-ABas_055-Ex1-b-cssl2.clmp.fp2_repr.R2	39.74012240422322	43.0	129.03989353001032	9.090909090909092	3576219.0
Gmi-ABas_056-Ex1-b-cssl.clmp.fp2_repr.R1	44.613821121518185	43.0	125.03183111807603	9.090909090909092	3327153.0
Gmi-ABas_056-Ex1-b-cssl.clmp.fp2_repr.R2	40.076629279973886	43.0	124.8685575926325	9.090909090909092	3327153.0
Gmi-ABas_057-Ex1-b-cssl.clmp.fp2_repr.R1	47.01937228932035	45.0	129.55223097478674	9.090909090909092	3443943.0
Gmi-ABas_057-Ex1-b-cssl.clmp.fp2_repr.R2	41.038654557444566	45.0	129.2617633334814	9.090909090909092	3443943.0
Gmi-ABas_058-Ex1-b-cssl2.clmp.fp2_repr.R1	40.94292487934311	42.0	123.46430779858413	9.090909090909092	2264052.0
Gmi-ABas_058-Ex1-b-cssl2.clmp.fp2_repr.R2	35.33958254512525	43.0	123.3839770464636	9.090909090909092	2264052.0
Gmi-ABas_059-Ex1-b-cssl2.clmp.fp2_repr.R1	37.77899339423212	43.0	123.22415581745686	0.0	2315376.0
Gmi-ABas_059-Ex1-b-cssl2.clmp.fp2_repr.R2	34.036892364797495	43.0	123.1219084934801	0.0	2315376.0
Gmi-ABas_060-Ex1-b-cssl2.clmp.fp2_repr.R1	50.8392702892693	39.0	123.68876425149206	18.181818181818183	2589378.0
Gmi-ABas_060-Ex1-b-cssl2.clmp.fp2_repr.R2	46.56205802510641	39.0	123.49279286376883	9.090909090909092	2589378.0
Gmi-ABas_061-Ex1-b-cssl.clmp.fp2_repr.R1	43.20346142224343	44.0	123.49474640365109	9.090909090909092	2213912.0
Gmi-ABas_061-Ex1-b-cssl.clmp.fp2_repr.R2	37.80507765238965	44.0	123.35031067178822	9.090909090909092	2213912.0
Gmi-AHam_001-Ex1-cssl2.clmp.fp2_repr.R1	12.934352325157263	43.0	122.34933497081967	0.0	3172342.0
Gmi-AHam_001-Ex1-cssl2.clmp.fp2_repr.R2	12.56258740598885	43.0	122.27794260517939	0.0	3172342.0
Gmi-AHam_002-Ex1-cssl2.clmp.fp2_repr.R1	28.894707713418427	48.0	130.25960093274236	9.090909090909092	4019974.0
Gmi-AHam_002-Ex1-cssl2.clmp.fp2_repr.R2	27.345648128401194	48.0	130.06139218810867	9.090909090909092	4019974.0
Gmi-AHam_005-Ex1-cssl.clmp.fp2_repr.R1	17.106701981897572	49.0	123.88395574114038	0.0	3907647.0
Gmi-AHam_005-Ex1-cssl.clmp.fp2_repr.R2	16.269476520361806	49.0	124.01230587102673	0.0	3907647.0
Gmi-AHam_006-Ex1-cssl.clmp.fp2_repr.R1	80.96391949265602	29.0	132.00791010896992	18.181818181818183	8061583.0
Gmi-AHam_006-Ex1-cssl.clmp.fp2_repr.R2	76.85329803359505	29.0	131.9415104948991	18.181818181818183	8061583.0
Gmi-AHam_007-Ex1-cssl.clmp.fp2_repr.R1	65.75533097636418	39.0	131.3284120227759	18.181818181818183	12886608.0
Gmi-AHam_007-Ex1-cssl.clmp.fp2_repr.R2	61.42769030209605	39.0	131.18864452150635	18.181818181818183	12886608.0
Gmi-AHam_008-Ex1-cssl.clmp.fp2_repr.R1	38.810446922069154	32.0	130.04423564243456	9.090909090909092	9143803.0
Gmi-AHam_008-Ex1-cssl.clmp.fp2_repr.R2	38.72685187381498	32.0	130.0983072360592	9.090909090909092	9143803.0
Gmi-AHam_009-Ex1-cssl.clmp.fp2_repr.R1	44.93603910797677	36.0	123.52601537793136	9.090909090909092	7422975.0
Gmi-AHam_009-Ex1-cssl.clmp.fp2_repr.R2	40.18815909020653	36.0	123.343687133528	9.090909090909092	7422975.0
Gmi-AHam_012-Ex1-cssl.clmp.fp2_repr.R1	11.70871718885111	46.0	120.3800935073097	0.0	6084658.0
Gmi-AHam_012-Ex1-cssl.clmp.fp2_repr.R2	11.710374978015395	46.0	120.51639697744722	0.0	6084658.0
Gmi-AHam_013-Ex1-cssl2.clmp.fp2_repr.R1	24.552986653039554	44.0	130.89991276171486	0.0	3530560.0
Gmi-AHam_013-Ex1-cssl2.clmp.fp2_repr.R2	23.506137070643163	44.0	130.67297652497055	0.0	3530560.0
Gmi-AHam_015-Ex1-cssl2.clmp.fp2_repr.R1	60.54086707866	38.0	134.28673114039336	18.181818181818183	2592167.0
Gmi-AHam_015-Ex1-cssl2.clmp.fp2_repr.R2	57.65673573319342	38.0	133.70533264253422	18.181818181818183	2592167.0
Gmi-AHam_016-Ex1-cssl2.clmp.fp2_repr.R1	56.50092134410018	39.0	133.08239656209759	18.181818181818183	5223883.0
Gmi-AHam_016-Ex1-cssl2.clmp.fp2_repr.R2	55.13054659787609	39.0	132.02859118399093	18.181818181818183	5223883.0
Gmi-AHam_019-Ex1-cssl.clmp.fp2_repr.R1	11.186968741186234	42.0	120.8441927152107	0.0	5339070.0
Gmi-AHam_019-Ex1-cssl.clmp.fp2_repr.R2	11.54813373788474	43.0	121.08419050508796	0.0	5339070.0
Gmi-AHam_020-Ex1-cssl.clmp.fp2_repr.R1	12.364652574730954	44.0	121.7326036593993	0.0	6594361.0
Gmi-AHam_020-Ex1-cssl.clmp.fp2_repr.R2	12.536749605952764	44.0	122.01645693949725	0.0	6594361.0
Gmi-AHam_021-Ex1-cssl.clmp.fp2_repr.R1	10.908886530456115	43.0	120.01362650497855	0.0	6418447.0
Gmi-AHam_021-Ex1-cssl.clmp.fp2_repr.R2	10.816610355564691	43.0	120.05736449954327	0.0	6418447.0
Gmi-AHam_022-Ex1-cssl.clmp.fp2_repr.R1	11.55310536634289	43.0	120.77917509713755	0.0	4263799.0
Gmi-AHam_022-Ex1-cssl.clmp.fp2_repr.R2	11.53649747212748	43.0	120.72477970936247	0.0	4263799.0
Gmi-AHam_023-Ex1-cssl.clmp.fp2_repr.R1	20.569934084108397	49.0	127.14871532154831	0.0	4614501.0
Gmi-AHam_023-Ex1-cssl.clmp.fp2_repr.R2	19.995578379062735	49.0	127.20120203679662	0.0	4614501.0
Gmi-AHam_024-Ex1-cssl.clmp.fp2_repr.R1	49.3074740989178	39.0	129.46307778364442	9.090909090909092	9818208.0
Gmi-AHam_024-Ex1-cssl.clmp.fp2_repr.R2	46.86314203337844	39.0	128.85890918179774	9.090909090909092	9818208.0
Gmi-AHam_025-Ex1-cssl.clmp.fp2_repr.R1	8.621834472209201	42.0	120.39572947905832	0.0	3820658.0
Gmi-AHam_025-Ex1-cssl.clmp.fp2_repr.R2	8.370654629242651	42.0	120.40671633001436	0.0	3820658.0
Gmi-AHam_034-Ex1-cssl.clmp.fp2_repr.R1	61.74525182719226	40.0	132.23001413859689	18.181818181818183	9317049.0
Gmi-AHam_034-Ex1-cssl.clmp.fp2_repr.R2	59.45327158937165	40.0	131.09049743110722	18.181818181818183	9317049.0
Gmi-AHam_036-Ex1-cssl.clmp.fp2_repr.R1	39.18713656192021	40.0	125.01408085614285	9.090909090909092	6566007.0
Gmi-AHam_036-Ex1-cssl.clmp.fp2_repr.R2	41.08873917084633	40.0	124.4935163791327	9.090909090909092	6566007.0
Gmi-AHam_038-Ex1-cssl.clmp.fp2_repr.R1	9.750661334096094	43.0	115.8959929568183	0.0	3080426.0
Gmi-AHam_038-Ex1-cssl.clmp.fp2_repr.R2	9.604170648928687	43.0	115.96987105030279	0.0	3080426.0
Gmi-AHam_040-Ex1-cssl.clmp.fp2_repr.R1	60.42030402208601	31.0	130.06502494794356	18.181818181818183	10805099.0
Gmi-AHam_040-Ex1-cssl.clmp.fp2_repr.R2	54.62023727042356	31.0	129.3857550958117	18.181818181818183	10805099.0
Gmi-AHam_043-Ex1-cssl.clmp.fp2_repr.R1	65.338239768536	33.0	127.63461874177963	18.181818181818183	6455769.0
Gmi-AHam_043-Ex1-cssl.clmp.fp2_repr.R2	62.75929296668457	33.0	127.76908963130496	18.181818181818183	6455769.0
Gmi-AHam_044-Ex1-cssl.clmp.fp2_repr.R1	48.73994966992055	40.0	126.33965048561592	9.090909090909092	9110698.0
Gmi-AHam_044-Ex1-cssl.clmp.fp2_repr.R2	44.332136372880036	40.0	126.48540408210216	9.090909090909092	9110698.0
Gmi-AHam_045-Ex1-cssl.clmp.fp2_repr.R1	29.96275804408559	40.0	125.0107064555104	9.090909090909092	13098546.0
Gmi-AHam_045-Ex1-cssl.clmp.fp2_repr.R2	29.684877676159687	40.0	124.5194129180445	9.090909090909092	13098546.0
Gmi-AHam_046-Ex1-cssl.clmp.fp2_repr.R1	32.750201810280075	39.0	127.2581006748773	9.090909090909092	10152364.0
Gmi-AHam_046-Ex1-cssl.clmp.fp2_repr.R2	31.392072957468628	39.0	126.67325068328914	9.090909090909092	10152364.0
Gmi-AHam_047-Ex1-cssl.clmp.fp2_repr.R1	78.01184100301815	30.0	136.06304551499707	18.181818181818183	10548633.0
Gmi-AHam_047-Ex1-cssl.clmp.fp2_repr.R2	74.44402238521344	30.0	135.51525349303554	18.181818181818183	10548633.0
Gmi-AHam_048-Ex1-cssl.clmp.fp2_repr.R1	74.17588999602933	38.0	131.38107028689842	18.181818181818183	12326209.0
Gmi-AHam_048-Ex1-cssl.clmp.fp2_repr.R2	69.42487421139467	38.0	130.7958767371217	18.181818181818183	12326209.0
Gmi-AHam_049-Ex1-cssl.clmp.fp2_repr.R1	68.95444648179557	38.0	132.40824936070135	18.181818181818183	6602548.0
Gmi-AHam_049-Ex1-cssl.clmp.fp2_repr.R2	64.61820400794275	38.0	131.43732162189505	18.181818181818183	6602548.0
Gmi-AHam_050-Ex1-cssl.clmp.fp2_repr.R1	8.999349211911294	43.0	119.30869218353206	0.0	4106356.0
Gmi-AHam_050-Ex1-cssl.clmp.fp2_repr.R2	8.828702902313779	43.0	119.3940893093536	0.0	4106356.0
Gmi-AHam_051-Ex1-cssl.clmp.fp2_repr.R1	50.66992267853739	34.0	131.92438342297197	18.181818181818183	7219171.0
Gmi-AHam_051-Ex1-cssl.clmp.fp2_repr.R2	45.73785184041025	34.0	131.20382049407058	9.090909090909092	7219171.0
Gmi-AHam_052-Ex1-cssl.clmp.fp2_repr.R1	21.333624421016324	50.0	128.1425312863495	0.0	3394132.0
Gmi-AHam_052-Ex1-cssl.clmp.fp2_repr.R2	19.618743587924428	50.0	127.9622165549248	0.0	3394132.0
Gmi-AHam_053-Ex1-cssl.clmp.fp2_repr.R1	33.60023882792122	42.0	122.45338559104036	9.090909090909092	4641612.0
Gmi-AHam_053-Ex1-cssl.clmp.fp2_repr.R2	34.73476254286605	42.0	122.38905643125707	9.090909090909092	4641612.0
Gmi-AHam_054-Ex1-cssl.clmp.fp2_repr.R1	8.141471187370712	42.0	118.9998080067905	0.0	4156397.0
Gmi-AHam_054-Ex1-cssl.clmp.fp2_repr.R2	8.205457493896603	42.0	119.1586313819397	0.0	4156397.0
Gmi-AHam_056-Ex1-cssl.clmp.fp2_repr.R1	32.460469325146136	40.0	124.81706729833066	9.090909090909092	6547785.0
Gmi-AHam_056-Ex1-cssl.clmp.fp2_repr.R2	32.90637513300467	40.0	124.47153732139952	9.090909090909092	6547785.0
Gmi-AHam_057-Ex1-cssl.clmp.fp2_repr.R1	46.2511460153208	33.0	130.34851995316714	9.090909090909092	11077690.0
Gmi-AHam_057-Ex1-cssl.clmp.fp2_repr.R2	45.56905464791829	33.0	129.82318488782408	9.090909090909092	11077690.0
Gmi-AHam_058-Ex1-cssl.clmp.fp2_repr.R1	47.33802485977354	35.0	125.66965240933116	9.090909090909092	7845061.0
Gmi-AHam_058-Ex1-cssl.clmp.fp2_repr.R2	44.68103547950365	35.0	125.27201764269265	9.090909090909092	7845061.0
Gmi-AHam_059-Ex1-cssl.clmp.fp2_repr.R1	76.19774982434915	29.0	135.24977007250945	18.181818181818183	9190941.0
Gmi-AHam_059-Ex1-cssl.clmp.fp2_repr.R2	74.0192684101589	29.0	134.84972148118456	18.181818181818183	9190941.0
Gmi-AHam_061-Ex1-cssl.clmp.fp2_repr.R1	78.45173821829437	31.0	132.72733450177398	18.181818181818183	8531028.0
Gmi-AHam_061-Ex1-cssl.clmp.fp2_repr.R2	71.50531620338555	31.0	132.1091856690659	18.181818181818183	8531028.0
Gmi-AHam_062-Ex1-cssl.clmp.fp2_repr.R1	12.056451851881604	44.0	120.24018563773737	0.0	3612843.0
Gmi-AHam_062-Ex1-cssl.clmp.fp2_repr.R2	11.385125479970341	44.0	120.27181253101782	0.0	3612843.0
Gmi-AHam_063-Ex1-cssl.clmp.fp2_repr.R1	52.442122223897734	36.0	123.05612957919897	18.181818181818183	6922963.0
Gmi-AHam_063-Ex1-cssl.clmp.fp2_repr.R2	44.99099340189111	36.0	122.65972460057927	9.090909090909092	6922963.0
Gmi-AHam_064-Ex1-cssl.clmp.fp2_repr.R1	38.437615468491515	39.0	127.2180365094241	9.090909090909092	7326218.0
Gmi-AHam_064-Ex1-cssl.clmp.fp2_repr.R2	36.9145415279941	39.0	126.51036441995038	9.090909090909092	7326218.0
Gmi-AHam_066-Ex1-cssl.clmp.fp2_repr.R1	66.78245076048555	34.0	128.9937186914639	18.181818181818183	6300598.0
Gmi-AHam_066-Ex1-cssl.clmp.fp2_repr.R2	60.04813392296617	34.0	128.89662378079032	18.181818181818183	6300598.0
Gmi-AHam_067-Ex1-cssl.clmp.fp2_repr.R1	63.68933603009944	30.0	134.55447237577806	18.181818181818183	16360678.0
Gmi-AHam_067-Ex1-cssl.clmp.fp2_repr.R2	62.527539736077514	30.0	134.51781607094767	18.181818181818183	16360678.0
Gmi-AHam_068-Ex1-cssl.clmp.fp2_repr.R1	62.180043096178025	40.0	129.16731505226622	18.181818181818183	9598455.0
Gmi-AHam_068-Ex1-cssl.clmp.fp2_repr.R2	59.08766504477072	40.0	128.1476006294763	18.181818181818183	9598455.0
Gmi-AHam_069-Ex1-cssl.clmp.fp2_repr.R1	74.18097105308993	29.0	132.94784206414812	18.181818181818183	9239802.0
Gmi-AHam_069-Ex1-cssl.clmp.fp2_repr.R2	71.99191308842012	29.0	132.23286602894737	18.181818181818183	9239802.0
Gmi-AHam_070-Ex1-cssl.clmp.fp2_repr.R1	47.82959398275776	34.0	127.4281475143747	9.090909090909092	8609222.0
Gmi-AHam_070-Ex1-cssl.clmp.fp2_repr.R2	45.52892326683773	34.0	127.04111486496689	9.090909090909092	8609222.0
Gmi-AHam_071-Ex1-cssl.clmp.fp2_repr.R1	22.594271609411336	52.0	130.03609338433063	0.0	3629474.0
Gmi-AHam_071-Ex1-cssl.clmp.fp2_repr.R2	21.349921395682102	53.0	130.04212318368997	0.0	3629474.0
Gmi-AHam_072-Ex1-cssl.clmp.fp2_repr.R1	77.42523831625921	29.0	134.3757931405365	18.181818181818183	14266072.0
Gmi-AHam_072-Ex1-cssl.clmp.fp2_repr.R2	73.54637192853377	29.0	133.78318628982106	18.181818181818183	14266072.0
Gmi-AHam_073-Ex1-cssl.clmp.fp2_repr.R1	82.86181214629748	30.0	133.18482171087447	18.181818181818183	5961805.0
Gmi-AHam_073-Ex1-cssl.clmp.fp2_repr.R2	80.32798546483463	30.0	132.58071641055017	18.181818181818183	5961805.0
Gmi-AHam_074-Ex1-cssl2.clmp.fp2_repr.R1	83.43855177737676	30.0	136.54565034414946	18.181818181818183	3813750.0
Gmi-AHam_074-Ex1-cssl2.clmp.fp2_repr.R2	76.85830236926172	30.0	135.25617096034088	18.181818181818183	3813750.0
Gmi-AHam_075-Ex1-cssl.clmp.fp2_repr.R1	43.42347473444184	32.0	129.81623710184877	9.090909090909092	10529416.0
Gmi-AHam_075-Ex1-cssl.clmp.fp2_repr.R2	43.29268248381598	32.0	129.1384257208567	9.090909090909092	10529416.0
Gmi-AHam_076-Ex1-cssl.clmp.fp2_repr.R1	25.625741670849266	40.0	123.7084374756028	9.090909090909092	10503260.0
Gmi-AHam_076-Ex1-cssl.clmp.fp2_repr.R2	25.21432853175945	40.0	123.2346128725748	9.090909090909092	10503260.0
Gmi-AHam_077-Ex1-cssl.clmp.fp2_repr.R1	67.03691839614616	31.0	131.40414130753237	18.181818181818183	7297502.0
Gmi-AHam_077-Ex1-cssl.clmp.fp2_repr.R2	64.54151305507393	31.0	131.26469139713836	18.181818181818183	7297502.0
Gmi-AHam_080-Ex1-cssl.clmp.fp2_repr.R1	79.25047445602816	31.0	134.95522395522673	18.181818181818183	7599711.0
Gmi-AHam_080-Ex1-cssl.clmp.fp2_repr.R2	72.94339141398804	31.0	134.14994859672953	18.181818181818183	7599711.0
Gmi-AHam_081-Ex1-cssl.clmp.fp2_repr.R1	43.33144709285629	39.0	127.04494332060438	9.090909090909092	6656740.0
Gmi-AHam_081-Ex1-cssl.clmp.fp2_repr.R2	44.33731918533561	39.0	126.27954419130084	9.090909090909092	6656740.0
Gmi-AHam_082-Ex1-cssl.clmp.fp2_repr.R1	63.34837162280664	33.0	131.3452448112072	18.181818181818183	7606249.0
Gmi-AHam_082-Ex1-cssl.clmp.fp2_repr.R2	59.117959367281706	33.0	131.17016311193598	18.181818181818183	7606249.0
Gmi-AHam_084-Ex1-cssl.clmp.fp2_repr.R1	36.79374031792692	33.0	127.49771095831728	9.090909090909092	8142272.0
Gmi-AHam_084-Ex1-cssl.clmp.fp2_repr.R2	35.826010746178525	33.0	127.19127683280539	9.090909090909092	8142272.0
Gmi-AHam_086-Ex1-cssl.clmp.fp2_repr.R1	33.90722539320987	39.0	122.83075845234767	9.090909090909092	6916954.0
Gmi-AHam_086-Ex1-cssl.clmp.fp2_repr.R2	33.71229349213516	39.0	122.47823622941543	9.090909090909092	6916954.0
Gmi-AHam_087-Ex1-cssl.clmp.fp2_repr.R1	30.388129285166983	34.0	126.03585104204319	9.090909090909092	10596010.0
Gmi-AHam_087-Ex1-cssl.clmp.fp2_repr.R2	31.168454428430607	34.0	125.61403603809359	9.090909090909092	10596010.0
Gmi-AHam_088-Ex1-cssl.clmp.fp2_repr.R1	51.64844376858932	35.0	126.69865609762152	18.181818181818183	6486111.0
Gmi-AHam_088-Ex1-cssl.clmp.fp2_repr.R2	46.253193962383065	35.0	126.68995303965659	9.090909090909092	6486111.0
Gmi-AHam_090-Ex1-cssl.clmp.fp2_repr.R1	54.884620201464735	35.0	123.31148996233775	18.181818181818183	5798113.0
Gmi-AHam_090-Ex1-cssl.clmp.fp2_repr.R2	49.606602251773815	35.0	123.35243380044507	9.090909090909092	5798113.0
Gmi-AHam_091-Ex1-cssl.clmp.fp2_repr.R1	33.45185256602919	46.0	131.16313770782835	9.090909090909092	4201003.0
Gmi-AHam_091-Ex1-cssl.clmp.fp2_repr.R2	33.29589849201962	46.0	131.38097759035165	0.0	4201003.0
Gmi-AHam_092-Ex1-cssl.clmp.fp2_repr.R1	62.27490166643949	39.0	131.42309411606834	18.181818181818183	14129192.0
Gmi-AHam_092-Ex1-cssl.clmp.fp2_repr.R2	57.848020970220176	39.0	130.47393177189468	18.181818181818183	14129192.0
Gmi-AHam_093-Ex1-cssl.clmp.fp2_repr.R1	52.612173837986006	29.0	130.91275524459107	18.181818181818183	9541926.0
Gmi-AHam_093-Ex1-cssl.clmp.fp2_repr.R2	50.179330742575836	29.0	130.31014210338668	18.181818181818183	9541926.0
Gmi-AHam_094-Ex1-cssl.clmp.fp2_repr.R1	57.43084741555208	33.0	129.5204126166185	18.181818181818183	7490343.0
Gmi-AHam_094-Ex1-cssl.clmp.fp2_repr.R2	53.50736483136263	33.0	129.23899239327224	18.181818181818183	7490343.0
Gmi-AHam_095-Ex1-cssl.clmp.fp2_repr.R1	40.34117223560175	32.0	130.67555093959209	9.090909090909092	10525791.0
Gmi-AHam_095-Ex1-cssl.clmp.fp2_repr.R2	40.96656253121377	32.0	130.39681644828403	9.090909090909092	10525791.0
Gmi-AHam_096-Ex1-cssl.clmp.fp2_repr.R1	49.769519244752246	36.0	124.85711907667685	9.090909090909092	7701399.0
Gmi-AHam_096-Ex1-cssl.clmp.fp2_repr.R2	46.70921640206039	36.0	124.57710177073022	9.090909090909092	7701399.0
Gmi-CBas_003-Ex1-cssl.clmp.fp2_repr.R1	23.433947955940766	46.0	142.9343593531448	0.0	471141.0
Gmi-CBas_003-Ex1-cssl.clmp.fp2_repr.R2	19.505907783510267	47.0	141.5786441850741	0.0	471141.0
Gmi-CBas_004-Ex1-cssl.clmp.fp2_repr.R1	17.544673508406632	46.0	140.2793148382059	0.0	1851767.0
Gmi-CBas_004-Ex1-cssl.clmp.fp2_repr.R2	15.036671274466727	47.0	139.30085588521666	0.0	1851767.0
Gmi-CBas_005-Ex1-cssl.clmp.fp2_repr.R1	18.465413120151837	47.0	139.37774673446097	0.0	2350837.0
Gmi-CBas_005-Ex1-cssl.clmp.fp2_repr.R2	15.56037264618135	47.0	138.50608995859773	0.0	2350837.0
Gmi-CBas_006-Ex1-cssl2.clmp.fp2_repr.R1	17.239653843451578	47.0	140.9157936459581	0.0	1493569.0
Gmi-CBas_006-Ex1-cssl2.clmp.fp2_repr.R2	14.803757369379795	47.0	139.8314614189234	0.0	1493569.0
Gmi-CBas_007-Ex1-cssl2.clmp.fp2_repr.R1	15.273892162003222	47.0	136.73678206543673	0.0	3297811.0
Gmi-CBas_007-Ex1-cssl2.clmp.fp2_repr.R2	13.183614569539543	47.0	135.9697860186651	0.0	3297811.0
Gmi-CBas_009-Ex1-cssl.clmp.fp2_repr.R1	17.475802840167148	47.0	139.31853253823417	0.0	3898214.0
Gmi-CBas_009-Ex1-cssl.clmp.fp2_repr.R2	15.774830662070386	47.0	138.54876310023	0.0	3898214.0
Gmi-CBas_010-Ex1-cssl.clmp.fp2_repr.R1	19.08982816507762	46.0	139.16591685690605	9.090909090909092	1719325.0
Gmi-CBas_010-Ex1-cssl.clmp.fp2_repr.R2	16.955613112592843	47.0	138.29038896078404	9.090909090909092	1719325.0
Gmi-CBas_012-Ex1-cssl2.clmp.fp2_repr.R1	14.91788317717429	47.0	139.179104762948	0.0	1935398.0
Gmi-CBas_012-Ex1-cssl2.clmp.fp2_repr.R2	13.210914455855558	47.0	138.23390951111864	0.0	1935398.0
Gmi-CBas_013-Ex1-cssl2.clmp.fp2_repr.R1	16.449209714727928	47.0	139.22482448813744	0.0	2037754.0
Gmi-CBas_013-Ex1-cssl2.clmp.fp2_repr.R2	13.936759369947353	47.0	138.163183092758	0.0	2037754.0
Gmi-CBas_014-Ex1-cssl2.clmp.fp2_repr.R1	16.07340992602039	47.0	138.39525910708528	0.0	1925671.0
Gmi-CBas_014-Ex1-cssl2.clmp.fp2_repr.R2	14.112065315678777	47.0	137.59017713825466	0.0	1925671.0
Gmi-CBas_015-Ex1-cssl2.clmp.fp2_repr.R1	14.243293608212994	47.0	139.70747928477977	0.0	5594920.0
Gmi-CBas_015-Ex1-cssl2.clmp.fp2_repr.R2	12.612128431229124	47.0	138.7536795879119	0.0	5594920.0
Gmi-CBas_016-Ex1-cssl2.clmp.fp2_repr.R1	15.682713963581719	47.0	140.73969888251463	0.0	7402692.0
Gmi-CBas_016-Ex1-cssl2.clmp.fp2_repr.R2	13.846724163070988	47.0	139.64061290136075	0.0	7402692.0
Gmi-CBas_017-Ex1-cssl2.clmp.fp2_repr.R1	14.469592800754128	47.0	138.91334128665395	0.0	4730938.0
Gmi-CBas_017-Ex1-cssl2.clmp.fp2_repr.R2	12.865856700340245	47.0	138.2427309341192	0.0	4730938.0
Gmi-CBas_019-Ex1-cssl2.clmp.fp2_repr.R1	15.39225222750595	47.0	135.5862546200588	0.0	6569451.0
Gmi-CBas_019-Ex1-cssl2.clmp.fp2_repr.R2	14.112466245754334	47.0	135.0758568714494	0.0	6569451.0
Gmi-CBas_023-Ex1-cssl2.clmp.fp2_repr.R1	12.907183572255448	47.0	135.48150683323723	0.0	6645752.0
Gmi-CBas_023-Ex1-cssl2.clmp.fp2_repr.R2	12.376301404315285	47.0	135.12927942541342	0.0	6645752.0
Gmi-CBas_024-Ex1-cssl2.clmp.fp2_repr.R1	15.565828228402907	46.0	140.99461281886695	0.0	3109604.0
Gmi-CBas_024-Ex1-cssl2.clmp.fp2_repr.R2	13.433452569963094	46.0	140.08674577213048	0.0	3109604.0
Gmi-CBas_026-Ex1-cssl2.clmp.fp2_repr.R1	14.914997157229365	47.0	139.58316056543802	0.0	4599620.0
Gmi-CBas_026-Ex1-cssl2.clmp.fp2_repr.R2	13.036517035870958	47.0	138.9050375900618	0.0	4599620.0
Gmi-CBas_027-Ex1-cssl2.clmp.fp2_repr.R1	14.33008166405888	47.0	137.89529463756332	0.0	6358490.0
Gmi-CBas_027-Ex1-cssl2.clmp.fp2_repr.R2	13.209929433281914	47.0	137.3665739821876	0.0	6358490.0
Gmi-CBas_028-Ex1-cssl.clmp.fp2_repr.R1	16.433312283610903	47.0	138.4268585548081	0.0	3226741.0
Gmi-CBas_028-Ex1-cssl.clmp.fp2_repr.R2	15.087376898102505	47.0	137.77692073829292	9.090909090909092	3226741.0
Gmi-CBas_029-Ex1-cssl2.clmp.fp2_repr.R1	14.405016342252097	47.0	139.36670855930885	0.0	6775255.0
Gmi-CBas_029-Ex1-cssl2.clmp.fp2_repr.R2	12.83779147333017	47.0	138.66341340658028	0.0	6775255.0
Gmi-CBas_033-Ex1-cssl2.clmp.fp2_repr.R1	17.402330325306153	47.0	136.7867050424885	0.0	2878896.0
Gmi-CBas_033-Ex1-cssl2.clmp.fp2_repr.R2	15.025226061266508	47.0	136.02447813328442	0.0	2878896.0
Gmi-CBas_034-Ex1-cssl2.clmp.fp2_repr.R1	14.087124003907434	47.0	137.15047513378414	0.0	6903845.0
Gmi-CBas_034-Ex1-cssl2.clmp.fp2_repr.R2	13.79688449295135	47.0	136.7618191022539	0.0	6903845.0
Gmi-CBas_039-Ex1-cssl2.clmp.fp2_repr.R1	19.24972685403688	48.0	139.08166148794166	0.0	4463132.0
Gmi-CBas_039-Ex1-cssl2.clmp.fp2_repr.R2	16.622182475893027	48.0	138.10854081842078	0.0	4463132.0
Gmi-CBas_041-Ex1-cssl2.clmp.fp2_repr.R1	14.925054593149312	48.0	135.68663746984308	0.0	3943123.0
Gmi-CBas_041-Ex1-cssl2.clmp.fp2_repr.R2	13.895017317990664	48.0	135.20367612169338	0.0	3943123.0
Gmi-CBas_045-Ex1-cssl2.clmp.fp2_repr.R1	18.831461290861412	47.0	136.74757004490803	0.0	2340784.0
Gmi-CBas_045-Ex1-cssl2.clmp.fp2_repr.R2	16.97557352137386	47.0	136.04260068421522	0.0	2340784.0
Gmi-CBas_046-Ex1-cssl.clmp.fp2_repr.R1	19.45288312243065	47.0	139.73648361004683	0.0	1740609.0
Gmi-CBas_046-Ex1-cssl.clmp.fp2_repr.R2	16.852628542709184	48.0	138.64098542521612	0.0	1740609.0
Gmi-CBas_047-Ex1-cssl.clmp.fp2_repr.R1	20.732450170486942	47.0	139.2184088969373	0.0	2001228.0
Gmi-CBas_047-Ex1-cssl.clmp.fp2_repr.R2	18.230187154222833	47.0	138.192166509763	0.0	2001228.0
Gmi-CBas_048-Ex1-cssl2.clmp.fp2_repr.R1	16.891556746524017	47.0	140.3085676961593	0.0	3527401.0
Gmi-CBas_048-Ex1-cssl2.clmp.fp2_repr.R2	14.195310945288867	47.0	139.25323942472093	0.0	3527401.0
Gmi-CBas_049-Ex1-cssl2.clmp.fp2_repr.R1	17.520351554507798	47.0	138.9609066209308	0.0	8507988.0
Gmi-CBas_049-Ex1-cssl2.clmp.fp2_repr.R2	14.92562846721971	47.0	137.58984439094178	0.0	8507988.0
Gmi-CBas_053-Ex1-cssl.clmp.fp2_repr.R1	19.169038701146206	47.0	138.4730480490512	9.090909090909092	2469747.0
Gmi-CBas_053-Ex1-cssl.clmp.fp2_repr.R2	16.886337548129447	47.0	137.57682548050468	9.090909090909092	2469747.0
Gmi-CBas_054-Ex1-cssl2.clmp.fp2_repr.R1	18.667157182319755	48.0	139.7539904273506	0.0	3884609.0
Gmi-CBas_054-Ex1-cssl2.clmp.fp2_repr.R2	16.602914164535875	48.0	138.7786927847822	0.0	3884609.0
Gmi-CBas_055-Ex1-cssl.clmp.fp2_repr.R1	19.296745372726605	48.0	138.7219417938849	0.0	2892995.0
Gmi-CBas_055-Ex1-cssl.clmp.fp2_repr.R2	17.146100553649006	48.0	137.77532176861695	0.0	2892995.0
Gmi-CBas_057-Ex1-cssl2.clmp.fp2_repr.R1	8.54700980383501	48.0	117.74830886992176	0.0	2161868.0
Gmi-CBas_057-Ex1-cssl2.clmp.fp2_repr.R2	8.418099841240533	48.0	117.82256085940492	0.0	2161868.0
Gmi-CBas_058-Ex1-cssl.clmp.fp2_repr.R1	18.527900428874204	47.0	138.7092786193202	0.0	2055683.0
Gmi-CBas_058-Ex1-cssl.clmp.fp2_repr.R2	16.507069723922157	47.0	137.80123491802968	0.0	2055683.0
Gmi-CBas_060-Ex1-cssl.clmp.fp2_repr.R1	18.56922124751462	47.0	139.35191903569242	0.0	2182789.0
Gmi-CBas_060-Ex1-cssl.clmp.fp2_repr.R2	16.998473430576837	47.0	138.30480408321648	9.090909090909092	2182789.0
Gmi-CBas_061-Ex1-cssl.clmp.fp2_repr.R1	19.29306653185347	47.0	135.37678303770974	9.090909090909092	2608610.0
Gmi-CBas_061-Ex1-cssl.clmp.fp2_repr.R2	17.208705803395844	47.0	134.57259191676795	9.090909090909092	2608610.0
Gmi-CBas_064-Ex1-cssl2.clmp.fp2_repr.R1	14.200018860108827	47.0	138.8252970037508	0.0	9783799.0
Gmi-CBas_064-Ex1-cssl2.clmp.fp2_repr.R2	13.797806616442983	47.0	138.21032157345016	0.0	9783799.0
Gmi-CBas_066-Ex1-cssl2.clmp.fp2_repr.R1	15.910729837485547	47.0	138.35744886587432	0.0	2142796.0
Gmi-CBas_066-Ex1-cssl2.clmp.fp2_repr.R2	15.494604306454235	47.0	137.59994231835415	0.0	2142796.0
Gmi-CBas_067-Ex1-cssl.clmp.fp2_repr.R1	19.629316565871463	47.0	136.58513417168777	0.0	2315727.0
Gmi-CBas_067-Ex1-cssl.clmp.fp2_repr.R2	18.088760916482215	47.0	135.8585748665538	0.0	2315727.0
Gmi-CBas_068-Ex1-cssl2.clmp.fp2_repr.R1	17.494379157304195	48.0	138.8405153762356	0.0	7577765.0
Gmi-CBas_068-Ex1-cssl2.clmp.fp2_repr.R2	16.425636914839842	48.0	138.03631532516513	0.0	7577765.0
Gmi-CBas_069-Ex1-cssl2.clmp.fp2_repr.R1	14.540305585010529	48.0	131.29962767485895	0.0	4071710.0
Gmi-CBas_069-Ex1-cssl2.clmp.fp2_repr.R2	13.926734694346152	48.0	130.9949576467872	0.0	4071710.0
Gmi-CBas_070-Ex1-cssl.clmp.fp2_repr.R1	20.196163368335675	47.0	139.78514455273043	0.0	1616296.0
Gmi-CBas_070-Ex1-cssl.clmp.fp2_repr.R2	18.151024001840838	47.0	138.64089374718492	0.0	1616296.0
Gmi-CBas_071-Ex1-cssl.clmp.fp2_repr.R1	18.0045348956764	48.0	137.00464723697226	0.0	2824474.0
Gmi-CBas_071-Ex1-cssl.clmp.fp2_repr.R2	16.50581578401254	48.0	136.33180691342884	0.0	2824474.0
Gmi-CBas_075-Ex1-cssl2.clmp.fp2_repr.R1	16.053482379601974	47.0	139.3404224145729	0.0	8865982.0
Gmi-CBas_075-Ex1-cssl2.clmp.fp2_repr.R2	13.180178671267896	47.0	138.03523445005865	0.0	8865982.0
Gmi-CBas_078-Ex1-cssl.clmp.fp2_repr.R1	20.24831254460871	47.0	139.06828921164922	0.0	3055036.0
Gmi-CBas_078-Ex1-cssl.clmp.fp2_repr.R2	18.66653366478681	48.0	138.0892644145601	0.0	3055036.0
Gmi-CBas_079-Ex1-cssl.clmp.fp2_repr.R1	19.214936921869224	48.0	139.41256927097186	0.0	3646910.0
Gmi-CBas_079-Ex1-cssl.clmp.fp2_repr.R2	17.092215920016855	48.0	138.32291666095406	0.0	3646910.0
Gmi-CBas_080-Ex1-cssl2.clmp.fp2_repr.R1	14.95946366205439	47.0	137.7980313290545	0.0	5108421.0
Gmi-CBas_080-Ex1-cssl2.clmp.fp2_repr.R2	12.598127961004309	47.0	136.68156442078677	0.0	5108421.0
Gmi-CBas_081-Ex1-cssl.clmp.fp2_repr.R1	18.867289984915573	47.0	139.5230850150796	0.0	2865127.0
Gmi-CBas_081-Ex1-cssl.clmp.fp2_repr.R2	16.353664210042496	47.0	138.48379146892964	0.0	2865127.0
Gmi-CBas_082-Ex1-cssl2.clmp.fp2_repr.R1	16.407072431344687	47.0	137.04280234547215	0.0	7416673.0
Gmi-CBas_082-Ex1-cssl2.clmp.fp2_repr.R2	14.48431166949679	47.0	135.9188568782795	0.0	7416673.0
Gmi-CBas_083-Ex1-cssl2.clmp.fp2_repr.R1	14.789773393557553	47.0	135.5355842705171	0.0	3262256.0
Gmi-CBas_083-Ex1-cssl2.clmp.fp2_repr.R2	13.847088566106208	47.0	135.09573589565014	0.0	3262256.0
Gmi-CBas_084-Ex1-cssl.clmp.fp2_repr.R1	16.40907373657481	47.0	136.52869909209846	9.090909090909092	1388807.0
Gmi-CBas_084-Ex1-cssl.clmp.fp2_repr.R2	15.400245573857276	47.0	136.03063276610789	9.090909090909092	1388807.0
Gmi-CBas_085-Ex1-cssl.clmp.fp2_repr.R1	13.357011110130188	47.0	130.2848366567838	9.090909090909092	3046683.0
Gmi-CBas_085-Ex1-cssl.clmp.fp2_repr.R2	12.931331500503703	47.0	130.16270416055755	9.090909090909092	3046683.0
Gmi-CBas_086-Ex1-cssl2.clmp.fp2_repr.R1	23.501654556964496	47.0	141.80689108910892	0.0	1439250.0
Gmi-CBas_086-Ex1-cssl2.clmp.fp2_repr.R2	19.356184055268713	47.0	140.36274309536216	0.0	1439250.0
Gmi-CBas_088-Ex1-cssl.clmp.fp2_repr.R1	14.160247130056547	47.0	134.9505161904664	0.0	2335572.0
Gmi-CBas_088-Ex1-cssl.clmp.fp2_repr.R2	13.181634170615737	47.0	134.51399956841408	0.0	2335572.0
Gmi-CBas_089-Ex1-cssl.clmp.fp2_repr.R1	17.456622824734453	47.0	139.14993253413627	0.0	1654911.0
Gmi-CBas_089-Ex1-cssl.clmp.fp2_repr.R2	15.709731964031079	48.0	138.32172424982372	0.0	1654911.0
Gmi-CBas_090-Ex1-cssl.clmp.fp2_repr.R1	18.014395658884595	47.0	140.14708765444817	0.0	1621013.0
Gmi-CBas_090-Ex1-cssl.clmp.fp2_repr.R2	15.415991762203234	47.0	139.19234207251884	0.0	1621013.0
Gmi-CBas_091-Ex1-cssl.clmp.fp2_repr.R1	17.777109357689596	47.0	139.1676830520707	0.0	2312607.0
Gmi-CBas_091-Ex1-cssl.clmp.fp2_repr.R2	15.672684878352342	47.0	138.43320676621664	0.0	2312607.0
Gmi-CBas_092-Ex1-cssl2.clmp.fp2_repr.R1	15.980695225621645	47.0	137.4382307119383	0.0	7536229.0
Gmi-CBas_092-Ex1-cssl2.clmp.fp2_repr.R2	13.336108717036424	47.0	136.2944012184343	0.0	7536229.0
Gmi-CBas_093-Ex1-cssl.clmp.fp2_repr.R1	19.758369677916704	47.0	140.34954635263443	0.0	1374636.0
Gmi-CBas_093-Ex1-cssl.clmp.fp2_repr.R2	18.312360553484552	47.0	139.47067223614107	0.0	1374636.0
Gmi-CBas_094-Ex1-cssl.clmp.fp2_repr.R1	18.814939704237133	48.0	139.93225590153264	0.0	2134149.0
Gmi-CBas_094-Ex1-cssl.clmp.fp2_repr.R2	17.49524550335228	48.0	139.00868730346383	0.0	2134149.0
Gmi-CBas_095-Ex1-cssl2.clmp.fp2_repr.R1	17.164924399538222	47.0	138.09855809886278	0.0	6107839.0
Gmi-CBas_095-Ex1-cssl2.clmp.fp2_repr.R2	14.280769295829046	47.0	136.9230253122258	0.0	6107839.0
Gmi-CBat_001-Ex1-cssl.clmp.fp2_repr.R1	34.85525116317045	47.0	142.70418293561212	0.0	1238556.0
Gmi-CBat_001-Ex1-cssl.clmp.fp2_repr.R2	34.3800477069957	47.0	141.7048676038871	0.0	1238556.0
Gmi-CBat_002-Ex1-cssl2.clmp.fp2_repr.R1	29.215226316490046	47.0	141.1682848721902	0.0	1921058.0
Gmi-CBat_002-Ex1-cssl2.clmp.fp2_repr.R2	28.213721886758904	47.0	139.68404701992338	0.0	1921058.0
Gmi-CBat_003-Ex1-cssl.clmp.fp2_repr.R1	32.56097982849985	48.0	141.9322225210859	9.090909090909092	1665568.0
Gmi-CBat_003-Ex1-cssl.clmp.fp2_repr.R2	31.30510603764904	48.0	140.8079393936483	9.090909090909092	1665568.0
Gmi-CBat_004-Ex1-cssl.clmp.fp2_repr.R1	30.23964914705043	44.0	139.41221812989698	9.090909090909092	3347730.0
Gmi-CBat_004-Ex1-cssl.clmp.fp2_repr.R2	27.292000242832643	44.0	137.6484289354279	9.090909090909092	3347730.0
Gmi-CBat_005-Ex1-cssl2.clmp.fp2_repr.R1	23.1156216566378	47.0	140.07319232833322	0.0	2970202.0
Gmi-CBat_005-Ex1-cssl2.clmp.fp2_repr.R2	21.602404979038553	47.0	138.86696999059322	0.0	2970202.0
Gmi-CBat_010-Ex1-cssl.clmp.fp2_repr.R1	20.093025061856096	46.0	141.5169091289982	0.0	4649382.0
Gmi-CBat_010-Ex1-cssl.clmp.fp2_repr.R2	19.876417365863645	46.0	141.06719495193124	0.0	4649382.0
Gmi-CBat_011-Ex1-cssl.clmp.fp2_repr.R1	33.673397396723544	48.0	142.04709205902847	9.090909090909092	1620167.0
Gmi-CBat_011-Ex1-cssl.clmp.fp2_repr.R2	29.232950205775566	48.0	140.47963142071157	9.090909090909092	1620167.0
Gmi-CBat_012-Ex1-cssl2.clmp.fp2_repr.R1	28.887538092021344	46.0	139.99179709123848	9.090909090909092	2324907.0
Gmi-CBat_012-Ex1-cssl2.clmp.fp2_repr.R2	27.232927463699212	46.0	138.33085538475302	9.090909090909092	2324907.0
Gmi-CBat_013-Ex1-cssl2.clmp.fp2_repr.R1	19.514623373052075	47.0	138.38884658076952	0.0	3759457.0
Gmi-CBat_013-Ex1-cssl2.clmp.fp2_repr.R2	18.51693532072683	47.0	137.2224552641512	0.0	3759457.0
Gmi-CBat_015-Ex1-cssl.clmp.fp2_repr.R1	18.81820390464067	47.0	137.20694156255732	0.0	2628486.0
Gmi-CBat_015-Ex1-cssl.clmp.fp2_repr.R2	18.649758743006345	47.0	136.4973714906604	0.0	2628486.0
Gmi-CBat_018-Ex1-cssl2.clmp.fp2_repr.R1	18.47879626554304	47.0	143.2718431348938	0.0	5314885.0
Gmi-CBat_018-Ex1-cssl2.clmp.fp2_repr.R2	17.583194734523644	47.0	142.6662166726091	0.0	5314885.0
Gmi-CBat_019-Ex1-cssl.clmp.fp2_repr.R1	26.33736676565364	44.0	135.07042868236152	9.090909090909092	6413140.0
Gmi-CBat_019-Ex1-cssl.clmp.fp2_repr.R2	28.023359153724968	44.0	134.10309832624893	9.090909090909092	6413140.0
Gmi-CBat_020-Ex1-cssl.clmp.fp2_repr.R1	25.24247702679152	46.0	138.53430619566038	0.0	4008241.0
Gmi-CBat_020-Ex1-cssl.clmp.fp2_repr.R2	23.701123585278253	46.0	137.23839559547443	0.0	4008241.0
Gmi-CBat_021-Ex1-cssl2.clmp.fp2_repr.R1	22.047122802524825	46.0	140.06319118799047	0.0	2682067.0
Gmi-CBat_021-Ex1-cssl2.clmp.fp2_repr.R2	21.001160826921662	46.0	138.73160551171912	0.0	2682067.0
Gmi-CBat_022-Ex1-cssl2.clmp.fp2_repr.R1	26.549790722208158	46.0	139.0276501571283	0.0	1807440.0
Gmi-CBat_022-Ex1-cssl2.clmp.fp2_repr.R2	26.802947624970642	46.0	138.18264506705617	0.0	1807440.0
Gmi-CBat_023-Ex1-cssl.clmp.fp2_repr.R1	21.418048340781667	46.0	144.33800935325738	0.0	2190253.0
Gmi-CBat_023-Ex1-cssl.clmp.fp2_repr.R2	19.802391186486403	47.0	143.43695454360753	0.0	2190253.0
Gmi-CBat_024-Ex1-cssl.clmp.fp2_repr.R1	29.783587213069993	46.0	141.62610797317595	0.0	2458092.0
Gmi-CBat_024-Ex1-cssl.clmp.fp2_repr.R2	27.299675870112665	47.0	140.18815772558554	0.0	2458092.0
Gmi-CBat_025-Ex1-cssl.clmp.fp2_repr.R1	21.0725991689433	46.0	137.73664961083887	0.0	2553184.0
Gmi-CBat_025-Ex1-cssl.clmp.fp2_repr.R2	19.776739227144162	46.0	136.87900676175317	0.0	2553184.0
Gmi-CBat_027-Ex1-cssl.clmp.fp2_repr.R1	20.979636923407526	47.0	139.11707496792695	0.0	3884101.0
Gmi-CBat_027-Ex1-cssl.clmp.fp2_repr.R2	20.492830446096463	47.0	138.40880811286834	0.0	3884101.0
Gmi-CBat_030-Ex1-cssl.clmp.fp2_repr.R1	21.60618876812184	47.0	140.638466090866	0.0	2548104.0
Gmi-CBat_030-Ex1-cssl.clmp.fp2_repr.R2	21.066865467017763	47.0	139.86769378329927	0.0	2548104.0
Gmi-CBat_031-Ex1-cssl.clmp.fp2_repr.R1	25.33635461462795	45.0	136.93083851870264	0.0	5310615.0
Gmi-CBat_031-Ex1-cssl.clmp.fp2_repr.R2	25.289365748786395	45.0	135.48759512787126	0.0	5310615.0
Gmi-CBat_034-Ex1-cssl.clmp.fp2_repr.R1	30.174663741311676	44.0	137.81746008793078	9.090909090909092	3388574.0
Gmi-CBat_034-Ex1-cssl.clmp.fp2_repr.R2	28.456301598340062	44.0	135.9648409625996	9.090909090909092	3388574.0
Gmi-CBat_035-Ex1-cssl2.clmp.fp2_repr.R1	23.241450239925072	46.0	137.5030174457382	0.0	4853277.0
Gmi-CBat_035-Ex1-cssl2.clmp.fp2_repr.R2	22.715700203701942	46.0	136.6546745631869	0.0	4853277.0
Gmi-CBat_036-Ex1-cssl2.clmp.fp2_repr.R1	26.666641743690747	47.0	141.38445945426994	0.0	1822806.0
Gmi-CBat_036-Ex1-cssl2.clmp.fp2_repr.R2	26.132434034474187	47.0	139.98919138953897	0.0	1822806.0
Gmi-CBat_037-Ex1-cssl2.clmp.fp2_repr.R1	20.428870083335482	46.0	137.98136042206178	0.0	2830107.0
Gmi-CBat_037-Ex1-cssl2.clmp.fp2_repr.R2	19.5646728875096	46.0	137.17584670826935	0.0	2830107.0
Gmi-CBat_039-Ex1-cssl.clmp.fp2_repr.R1	21.57593095812355	46.0	143.7374945507374	0.0	8526383.0
Gmi-CBat_039-Ex1-cssl.clmp.fp2_repr.R2	18.12915264454365	46.0	142.2197636442088	0.0	8526383.0
Gmi-CBat_040-Ex1-cssl2.clmp.fp2_repr.R1	22.255696222882563	47.0	141.210021418517	0.0	2892824.0
Gmi-CBat_040-Ex1-cssl2.clmp.fp2_repr.R2	20.87370021662079	47.0	139.75026513884012	0.0	2892824.0
Gmi-CBat_042-Ex1-cssl2.clmp.fp2_repr.R1	19.38479694584933	46.0	139.112653533146	0.0	2189918.0
Gmi-CBat_042-Ex1-cssl2.clmp.fp2_repr.R2	18.94479832172803	46.0	137.93668438726928	0.0	2189918.0
Gmi-CBat_043-Ex1-cssl.clmp.fp2_repr.R1	21.71286767521957	47.0	138.7053021869182	0.0	4783215.0
Gmi-CBat_043-Ex1-cssl.clmp.fp2_repr.R2	19.806381567140278	47.0	137.62199064854914	0.0	4783215.0
Gmi-CBat_044-Ex1-cssl.clmp.fp2_repr.R1	29.391019955650208	44.0	139.72790239616356	9.090909090909092	7595767.0
Gmi-CBat_044-Ex1-cssl.clmp.fp2_repr.R2	24.237986729240134	44.0	137.78782129572957	9.090909090909092	7595767.0
Gmi-CBat_046-Ex1-cssl.clmp.fp2_repr.R1	15.221041778112806	45.0	141.3314933801664	0.0	8604748.0
Gmi-CBat_046-Ex1-cssl.clmp.fp2_repr.R2	15.77940861601735	46.0	140.90688280470272	0.0	8604748.0
Gmi-CBat_047-Ex1-cssl2.clmp.fp2_repr.R1	30.966546012750356	44.0	136.70062486028002	0.0	5528916.0
Gmi-CBat_047-Ex1-cssl2.clmp.fp2_repr.R2	30.927507860724916	44.0	134.60880631935808	0.0	5528916.0
Gmi-CBat_048-Ex1-cssl.clmp.fp2_repr.R1	26.858934038006282	45.0	143.6376159306274	0.0	5654567.0
Gmi-CBat_048-Ex1-cssl.clmp.fp2_repr.R2	22.24841301022073	46.0	141.92858427533002	0.0	5654567.0
Gmi-CBat_049-Ex1-cssl.clmp.fp2_repr.R1	31.352291106511288	44.0	136.19153608132024	9.090909090909092	6387585.0
Gmi-CBat_049-Ex1-cssl.clmp.fp2_repr.R2	32.07087564461381	44.0	134.46756794625824	9.090909090909092	6387585.0
Gmi-CBat_050-Ex1-cssl.clmp.fp2_repr.R1	26.84398319660714	45.0	137.3305527918078	0.0	4075585.0
Gmi-CBat_050-Ex1-cssl.clmp.fp2_repr.R2	26.80691618175983	45.0	135.67268796994787	0.0	4075585.0
Gmi-CBat_051-Ex1-cssl2.clmp.fp2_repr.R1	17.319327781203185	46.0	137.54477403797506	0.0	4219979.0
Gmi-CBat_051-Ex1-cssl2.clmp.fp2_repr.R2	17.93418723886981	46.0	136.90094192411857	0.0	4219979.0
Gmi-CBat_052-Ex1-cssl.clmp.fp2_repr.R1	22.784973615872914	46.0	139.4745289043152	0.0	1697532.0
Gmi-CBat_052-Ex1-cssl.clmp.fp2_repr.R2	22.53706045247779	46.0	138.61030130801657	0.0	1697532.0
Gmi-CBat_056-Ex1-cssl.clmp.fp2_repr.R1	20.049299176385247	47.0	140.57338923137348	0.0	2927950.0
Gmi-CBat_056-Ex1-cssl.clmp.fp2_repr.R2	18.41855643402063	47.0	139.6766355299783	0.0	2927950.0
Gmi-CBat_058-Ex1-cssl2.clmp.fp2_repr.R1	14.09886003666378	45.0	145.6390836688758	0.0	18528455.0
Gmi-CBat_058-Ex1-cssl2.clmp.fp2_repr.R2	10.18418828432739	45.0	143.46048351036285	0.0	18528455.0
Gmi-CBat_059-Ex1-cssl.clmp.fp2_repr.R1	17.41040382314992	46.0	143.82915631689715	0.0	4428440.0
Gmi-CBat_059-Ex1-cssl.clmp.fp2_repr.R2	15.912770847654343	46.0	143.12912831606616	0.0	4428440.0
Gmi-CBat_060-Ex1-cssl.clmp.fp2_repr.R1	18.163819800581066	46.0	142.1958267793876	0.0	11524864.0
Gmi-CBat_060-Ex1-cssl.clmp.fp2_repr.R2	15.513699801491128	46.0	140.95916290205247	0.0	11524864.0
Gmi-CBat_061-Ex1-cssl2.clmp.fp2_repr.R1	25.34960190193823	45.0	140.30393663254407	0.0	1896494.0
Gmi-CBat_061-Ex1-cssl2.clmp.fp2_repr.R2	23.560510302165	45.0	139.16700131927652	0.0	1896494.0
Gmi-CBat_062-Ex1-cssl2.clmp.fp2_repr.R1	27.44293299188365	46.0	140.62090439591066	0.0	1987802.0
Gmi-CBat_062-Ex1-cssl2.clmp.fp2_repr.R2	25.232390613176435	46.0	139.57635015962353	0.0	1987802.0
Gmi-CBat_063-Ex1-cssl.clmp.fp2_repr.R1	17.346474842304943	46.0	142.81204063626635	0.0	8086865.0
Gmi-CBat_063-Ex1-cssl.clmp.fp2_repr.R2	17.43213795226528	46.0	142.29506761891042	0.0	8086865.0
Gmi-CBat_064-Ex1-cssl.clmp.fp2_repr.R1	25.089816150907282	46.0	136.28414972614615	0.0	1341409.0
Gmi-CBat_064-Ex1-cssl.clmp.fp2_repr.R2	22.98347147092001	46.0	134.9797682884191	0.0	1341409.0
Gmi-CBat_065-Ex1-cssl.clmp.fp2_repr.R1	33.4631148640738	42.0	139.86804980496507	9.090909090909092	4471763.0
Gmi-CBat_065-Ex1-cssl.clmp.fp2_repr.R2	32.769949562256514	42.0	138.43216534507755	9.090909090909092	4471763.0
Gmi-CBat_066-Ex1-cssl2.clmp.fp2_repr.R1	19.533769827909595	47.0	137.8585959481111	0.0	5081778.0
Gmi-CBat_066-Ex1-cssl2.clmp.fp2_repr.R2	17.612486964212565	47.0	136.71553637329296	0.0	5081778.0
Gmi-CBat_067-Ex1-cssl.clmp.fp2_repr.R1	18.321240450974102	46.0	137.9534023494443	0.0	4925420.0
Gmi-CBat_067-Ex1-cssl.clmp.fp2_repr.R2	17.88940665870274	47.0	137.36935225828458	0.0	4925420.0
Gmi-CBat_070-Ex1-cssl2.clmp.fp2_repr.R1	19.305226249339995	46.0	139.42382603676634	0.0	3697241.0
Gmi-CBat_070-Ex1-cssl2.clmp.fp2_repr.R2	16.943671186711455	47.0	138.00074352740327	0.0	3697241.0
Gmi-CBat_071-Ex1-cssl2.clmp.fp2_repr.R1	22.11964014765627	44.0	135.27968329317855	0.0	2571716.0
Gmi-CBat_071-Ex1-cssl2.clmp.fp2_repr.R2	22.094129779436685	44.0	133.917770469212	0.0	2571716.0
Gmi-CBat_076-Ex1-cssl.clmp.fp2_repr.R1	18.13713088993876	47.0	141.15058528037002	0.0	1838606.0
Gmi-CBat_076-Ex1-cssl.clmp.fp2_repr.R2	17.20857685826725	47.0	140.0771339808529	0.0	1838606.0
Gmi-CBat_079-Ex1-cssl.clmp.fp2_repr.R1	17.13807721931782	45.0	142.2271635607758	0.0	107926469.0
Gmi-CBat_079-Ex1-cssl.clmp.fp2_repr.R2	16.106769809911356	45.0	140.8312029739433	0.0	107926469.0
Gmi-CBat_080-Ex1-cssl2.clmp.fp2_repr.R1	20.36643717248377	47.0	139.1887330922116	0.0	3749973.0
Gmi-CBat_080-Ex1-cssl2.clmp.fp2_repr.R2	18.592394278645955	47.0	137.77750639804606	0.0	3749973.0
Gmi-CBat_081-Ex1-cssl2.clmp.fp2_repr.R1	15.271838303437391	46.0	142.4669726945167	0.0	6358027.0
Gmi-CBat_081-Ex1-cssl2.clmp.fp2_repr.R2	14.562077586626742	46.0	141.9258233725651	0.0	6358027.0
Gmi-CBat_082-Ex1-cssl2.clmp.fp2_repr.R1	19.916949729784378	47.0	138.7339874120696	0.0	3489692.0
Gmi-CBat_082-Ex1-cssl2.clmp.fp2_repr.R2	18.065506694502886	47.0	137.44536337304265	0.0	3489692.0
Gmi-CBat_083-Ex1-cssl.clmp.fp2_repr.R1	27.213707715096874	48.0	140.85501129788352	0.0	1245366.0
Gmi-CBat_083-Ex1-cssl.clmp.fp2_repr.R2	26.53940135853101	48.0	139.65827877106008	0.0	1245366.0
Gmi-CBat_084-Ex1-cssl.clmp.fp2_repr.R1	20.405042387137158	45.0	140.32423850486649	0.0	6395576.0
Gmi-CBat_084-Ex1-cssl.clmp.fp2_repr.R2	17.334743691778286	45.0	138.80484181565507	0.0	6395576.0
Gmi-CBat_088-Ex1-cssl.clmp.fp2_repr.R1	23.317511453772767	45.0	138.51103124381558	0.0	1824137.0
Gmi-CBat_088-Ex1-cssl.clmp.fp2_repr.R2	21.691449090911576	45.0	137.35223341229306	0.0	1824137.0
Gmi-CBat_091-Ex1-cssl.clmp.fp2_repr.R1	30.525932042755528	44.0	136.90273652959658	9.090909090909092	964689.0
Gmi-CBat_091-Ex1-cssl.clmp.fp2_repr.R2	28.052542205623396	44.0	135.11929025831122	9.090909090909092	964689.0
Gmi-CBat_093-Ex1-cssl2.clmp.fp2_repr.R1	21.712643693021477	46.0	140.81933448849918	0.0	2088589.0
Gmi-CBat_093-Ex1-cssl2.clmp.fp2_repr.R2	20.33507255182478	47.0	139.43745753712196	0.0	2088589.0
Gmi-CBat_094-Ex1-cssl2.clmp.fp2_repr.R1	18.046567692546958	46.0	138.28652809015617	0.0	3765910.0
Gmi-CBat_094-Ex1-cssl2.clmp.fp2_repr.R2	17.519299278371037	46.0	137.15850803657017	0.0	3765910.0
Gmi-CBat_095-Ex1-cssl2.clmp.fp2_repr.R1	37.808165269348535	45.0	139.74866423626577	0.0	1376179.0
Gmi-CBat_095-Ex1-cssl2.clmp.fp2_repr.R2	35.38018865815708	46.0	138.82124999727506	0.0	1376179.0
Gmi-CBat_096-Ex1-cssl2.clmp.fp2_repr.R1	24.412165164495704	44.0	135.27132351027404	0.0	10834778.0
Gmi-CBat_096-Ex1-cssl2.clmp.fp2_repr.R2	23.368254878344104	44.0	133.7711991883913	0.0	10834778.0
