Sample	1	2	3	4	5	6	7	8	9	10	11	12	13	14	15	16	17	18	19	20	21	22	23	24	25	26	27	28	29	30	31
GmA01001_CKDL210018111-1a-5UDI301-AK533_HH72GDSX2_L1_clmp_r1r2_fastp	92.59701313150451	6.538208897172298	0.7065288608484522	0.11701753844176374	0.025206345655786482	0.008346472071452478	0.00383937715286814	0.00191968857643407	0.0010850413692888223	8.346472071452478e-05	0.0005007883242871486	0.0	0.0	0.0	0.0	0.0	0.0	0.0	0.0	8.346472071452478e-05	0.0	0.0	0.0	0.0	0.0	0.0	0.0	0.0	0.0	8.346472071452478e-05	8.346472071452478e-05
GmA01002_CKDL210018111-1a-5UDI301-AK8488_HH72GDSX2_L1_clmp_r1r2_fastp	92.59262980632042	6.598831250778697	0.6655600792563089	0.10640521194632113	0.024114495625228584	0.007133871622463456	0.00331574314846893	0.000904293585946072	0.0007033394557358337	0.00010047706510511911	0.0	0.00020095413021023822	0.0	0.0	0.0	0.0	0.0	0.0	0.0	0.0	0.00010047706510511911	0.0	0.0	0.0	0.0	0.0	0.0	0.0	0.0	0.0	0.0
GmA01003_CKDL210018111-1a-5UDI301-AK4236_HH72GDSX2_L1_clmp_r1r2_fastp	92.24548667876552	6.863431307359134	0.7389298016688415	0.11257263893263472	0.026997435243651852	0.007749263819937106	0.0021664608528856426	0.0008332541741867856	0.0009165795916054641	0.00016665083483735713	0.0002499762522560357	0.00033330166967471427	0.0	8.332541741867857e-05	0.0	8.332541741867857e-05	0.0	0.0	0.0	0.0	0.0	0.0	0.0	0.0	0.0	0.0	0.0	0.0	0.0	0.0	0.0
GmA01004_CKDL210018111-1a-AK7078-AK4234_HH72GDSX2_L1_clmp_r1r2_fastp	92.4521713314818	6.734708445940983	0.6791636139008717	0.1039593996537951	0.021260908456713176	0.005128388827740512	0.0022420594372533896	0.0005669575588456847	0.00030924957755219167	0.00012885399064674653	0.00012885399064674653	5.1541596258698604e-05	5.1541596258698604e-05	2.5770798129349302e-05	5.1541596258698604e-05	0.0	2.5770798129349302e-05	0.0	2.5770798129349302e-05	0.0	0.0	0.0	0.0	0.0	0.0	0.0	0.0	0.0	0.0	0.0	0.0
GmA01010_CKDL210018111-1a-AK7758-AK4234_HH72GDSX2_L1_clmp_r1r2_fastp	92.36607272193129	6.688498460202891	0.7443581010507418	0.1375372496717861	0.036747757395676775	0.012605039881227994	0.005285984466321417	0.0031512599703069984	0.0017281103062973865	0.0011181890217218382	0.0008132283794340642	0.0004066141897170321	0.00045744096343166115	0.0003049606422877741	0.0002541338685731451	0.00015248032114388704	0.00020330709485851604	0.0	0.00010165354742925802	0.00010165354742925802	5.082677371462901e-05	0.0	0.0	0.0	0.0	0.0	0.0	0.0	0.0	0.0	5.082677371462901e-05
GmA01011_CKDL210018111-1a-AK7758-GD06_HH72GDSX2_L1_clmp_r1r2_fastp	93.1921646477829	6.069671402925084	0.6091269476560729	0.09625694661446366	0.020954726761391835	0.0065866465697357384	0.002175125146284825	0.0008884313977783088	0.0006739824396938894	0.0003982623507282074	0.0005208046124907328	0.0001531778272031567	9.190669632189402e-05	9.190669632189402e-05	9.190669632189402e-05	0.0	6.127113088126269e-05	6.127113088126269e-05	0.0	0.0	0.0	3.063556544063134e-05	0.0	0.0	0.0	0.0	0.0	0.0	0.0	0.0	0.0
GmA01013_CKDL210018111-1a-5UDI301-AK7557_HH72GDSX2_L1_clmp_r1r2_fastp	93.19836611088277	6.014046634674365	0.6238546474521918	0.11208284583501005	0.02978692325427865	0.010549535319223688	0.004916751755113302	0.002482243604523221	0.0011933863483284714	0.0005250899932645274	0.00047735453933138856	0.0003818836314651109	0.0005250899932645274	4.773545393313886e-05	9.547090786627773e-05	0.0001432063617994166	0.00019094181573255545	0.0	4.773545393313886e-05	4.773545393313886e-05	0.0	4.773545393313886e-05	4.773545393313886e-05	0.0	9.547090786627773e-05	0.0	0.0	0.0	0.0	0.0	4.773545393313886e-05
GmA01014_CKDL210018111-1a-5UDI301-GC06_HH72GDSX2_L1_clmp_r1r2_fastp	94.40591326114107	5.060083412079583	0.4344805392761347	0.06883294113658239	0.01832622254464423	0.006342568249103345	0.002718243535330005	0.0012275938546651634	0.0005553400771104312	0.0004384263766661299	0.00029228425111075325	0.0001169137004443013	8.768527533322596e-05	5.845685022215065e-05	0.0001169137004443013	2.9228425111075325e-05	8.768527533322596e-05	5.845685022215065e-05	2.9228425111075325e-05	2.9228425111075325e-05	0.0	2.9228425111075325e-05	5.845685022215065e-05	0.0	2.9228425111075325e-05	2.9228425111075325e-05	0.0	0.0	0.0	0.0	2.9228425111075325e-05
GmA01015_CKDL210018111-1a-5UDI301-AK10343_HH72GDSX2_L1_clmp_r1r2_fastp	92.55799053259248	6.739357877101784	0.6028673217650685	0.07800787627912109	0.015679002428309694	0.0038713586242739993	0.0014517594841027498	0.00029035189682054995	9.678396560685e-05	9.678396560685e-05	0.0001935679312137	0.0	0.0	0.0	0.0	0.0	0.0	0.0	0.0	0.0	0.0	9.678396560685e-05	0.0	0.0	0.0	0.0	0.0	0.0	0.0	0.0	0.0
GmA01016_CKDL210018111-1a-5UDI301-AK4234_HH72GDSX2_L1_clmp_r1r2_fastp	93.56158506792359	5.79782666866165	0.5338649425376558	0.08176533658821872	0.01688699434471943	0.00512197438764468	0.0013969021057212766	0.0006518876493365956	0.0002483381521282269	0.0001862536140961702	9.31268070480851e-05	0.00012416907606411346	9.31268070480851e-05	6.208453803205673e-05	6.208453803205673e-05	0.0	0.0	0.0	0.0	0.0	0.0	0.0	0.0	0.0	0.0	0.0	0.0	0.0	3.1042269016028365e-05	0.0	0.0
GmA01017_CKDL210018111-1a-AK7078-GD06_HH72GDSX2_L1_clmp_r1r2_fastp	91.36465205264675	7.601993113252284	0.8565600054617397	0.13403931767265567	0.029312039577579767	0.007987003589934056	0.002688694277799583	0.0011334691563272754	0.0006062741998959845	0.00034267672168033906	0.00015815848692938726	0.00026359747821564543	7.907924346469363e-05	2.635974782156454e-05	2.635974782156454e-05	5.271949564312908e-05	0.0	2.635974782156454e-05	0.0	2.635974782156454e-05	0.0	0.0	0.0	0.0	0.0	0.0	0.0	0.0	0.0	0.0	2.635974782156454e-05
GmA01018_CKDL210018111-1a-AK7758-AK7557_HH72GDSX2_L1_clmp_r1r2_fastp	93.29989379115172	5.974751871258743	0.5812917819223129	0.0999909251933438	0.0269723420059356	0.0076043518739475745	0.0030669485458462596	0.0026888316018378166	0.0013024028071401924	0.0006301949066807382	0.0005881819129020223	8.402598755743177e-05	0.00016805197511486354	0.00037811694400844293	0.0002100649688935794	8.402598755743177e-05	0.0	0.0	0.00012603898133614765	4.2012993778715884e-05	0.00012603898133614765	0.0	0.0	0.0	0.0	0.0	0.0	0.0	0.0	0.0	0.0
GmA01026_CKDL210018111-1a-AK7078-AK8488_HH72GDSX2_L1_clmp_r1r2_fastp	91.87748382349793	7.194370101242714	0.7634177986410875	0.12335451435669552	0.028498375241173893	0.007444082321965825	0.002843447753883942	0.0012140563443549415	0.0005111816186757648	0.00028753966050511774	0.0001277954046689412	6.38977023344706e-05	9.584655350170591e-05	6.38977023344706e-05	0.0001277954046689412	3.19488511672353e-05	0.0	0.0	3.19488511672353e-05	3.19488511672353e-05	0.0	0.0	0.0	0.0	0.0	0.0	0.0	0.0	0.0	0.0	0.0
GmA01027_CKDL210018111-1a-AK7078-AK4236_HH72GDSX2_L1_clmp_r1r2_fastp	91.03249581078488	7.804058100598048	0.9438002220093731	0.15979707494038153	0.038617292615324095	0.012218126812939677	0.004326418674745853	0.0017626150156371994	0.001402080126075045	0.000841248075645027	0.00016023772869429084	0.00020029716086786357	4.005943217357271e-05	8.011886434714542e-05	0.0	4.005943217357271e-05	0.0	0.0	4.005943217357271e-05	4.005943217357271e-05	0.0	4.005943217357271e-05	0.0	4.005943217357271e-05	0.0	0.0	0.0	0.0	0.0	0.0	0.0
GmA01028_CKDL210018111-1a-5UDI301-GD06_HH72GDSX2_L1_clmp_r1r2_fastp	93.16636796397749	6.184100219413342	0.5533061213006445	0.073952779408706	0.01513888419055032	0.004019172793951413	0.0016076691175805652	0.0007368483455577591	0.0004354103860114031	0.00010047931984878533	3.349310661626177e-05	3.349310661626177e-05	0.0	6.698621323252354e-05	0.0	3.349310661626177e-05	0.0	0.0	6.698621323252354e-05	0.0	0.0	0.0	0.0	0.0	0.0	0.0	0.0	0.0	0.0	0.0	0.0
GmA01029_CKDL210018111-1a-AK7758-AK533_HH72GDSX2_L1_clmp_r1r2_fastp	92.55506490538461	6.558829015717215	0.7005653392012624	0.12637365863484834	0.03446143729034642	0.012285073319756522	0.004426239651971099	0.0026196112225951402	0.001716297007907161	0.0012646399005631713	0.0008129827932191816	0.0003613256858751918	0.00022582855367199486	0.0003161599751407928	0.00013549713220319692	0.00013549713220319692	4.516571073439897e-05	9.033142146879794e-05	4.516571073439897e-05	4.516571073439897e-05	0.0	4.516571073439897e-05	0.0	4.516571073439897e-05	4.516571073439897e-05	0.0	0.0	0.0	0.0	0.0	4.516571073439897e-05
GmA01030_CKDL210018111-1a-AK7758-AK8488_HH72GDSX2_L1_clmp_r1r2_fastp	93.01413539021529	6.304942280679062	0.5670948811687737	0.08550674318703239	0.01792736919261029	0.006036304057258655	0.0022239014947795046	0.0007261719166626954	0.0007261719166626954	0.00018154297916567384	9.077148958283692e-05	9.077148958283692e-05	9.077148958283692e-05	4.538574479141846e-05	0.0	0.0001361572343742554	0.0	0.0	0.0	0.0	4.538574479141846e-05	0.0	0.0	0.0	0.0	0.0	0.0	0.0	0.0	0.0	0.0
GmA01031_CKDL210018111-1a-AK7758-AK4236_HH72GDSX2_L1_clmp_r1r2_fastp	93.59640086170961	5.76516829909859	0.5380725251861378	0.07838712475646488	0.015808281217714645	0.003925687992650099	0.0012452451159481496	0.0003799052896112999	0.00021105849422849995	0.00010552924711424997	0.00014774094595994996	4.221169884569999e-05	2.1105849422849995e-05	4.221169884569999e-05	4.221169884569999e-05	0.0	0.0	0.0	0.0	0.0	0.0	0.0	0.0	0.0	0.0	0.0	0.0	0.0	0.0	0.0	0.0
GmA01032_CKDL210018111-1a-AK7758-AK10343_HH72GDSX2_L1_clmp_r1r2_fastp	93.61850217294085	5.800724303672922	0.4986113883163296	0.06491823017868326	0.011993165685583947	0.00301320829413925	0.0010143473465419259	0.0005966749097305445	0.0002685037093787451	0.00011933498194610892	2.983374548652723e-05	5.966749097305446e-05	5.966749097305446e-05	2.983374548652723e-05	2.983374548652723e-05	0.0	0.0	0.0	2.983374548652723e-05	0.0	0.0	0.0	0.0	0.0	0.0	0.0	0.0	0.0	0.0	0.0	0.0
GmA01033_CKDL210018111-1a-AK9143-AK4234_HH72GDSX2_L1_clmp_r1r2_fastp	93.12556109799817	6.1525869466558065	0.6016754163272829	0.09096476155936194	0.02001621114922779	0.004954507710204899	0.002061075207445238	0.0009512654803593405	0.0003567245551347527	0.00027745243177147434	0.0003567245551347527	0.00011890818504491756	3.963606168163919e-05	7.927212336327838e-05	0.0	0.0	0.0	0.0	0.0	0.0	0.0	0.0	0.0	0.0	0.0	0.0	0.0	0.0	0.0	0.0	0.0
GmA01035_CKDL210018111-1a-AK7078-AK533_HH72GDSX2_L1_clmp_r1r2_fastp	93.71588521478601	5.647632953800621	0.5275905481898315	0.07911285066852933	0.018269407561242283	0.006666813258583931	0.0022456634134177455	0.0008889084344778575	0.0005146311989082333	0.0003041002539003197	0.00021053094500791364	7.017698166930455e-05	0.0001403539633386091	0.0001403539633386091	4.6784654446203025e-05	7.017698166930455e-05	4.6784654446203025e-05	2.3392327223101512e-05	9.356930889240605e-05	0.0	4.6784654446203025e-05	0.0	0.0	0.0	0.0	0.0	0.0	0.0	0.0	0.0	0.0
GmA01037_CKDL210018111-1a-AK7078-AK7557_HH72GDSX2_L1_clmp_r1r2_fastp	93.62881068359695	5.776400601204936	0.5103505765757421	0.06726085473827798	0.012141982039634057	0.003452297251213567	0.0008588641942043508	0.000387330911111766	0.00010104284637698243	0.00013472379516930993	6.736189758465497e-05	0.0	1.684047439616374e-05	1.684047439616374e-05	0.0	0.0	0.0	0.0	0.0	0.0	0.0	0.0	0.0	0.0	0.0	0.0	0.0	0.0	0.0	0.0	0.0
GmA01039_CKDL210018111-1a-AK7078-AK10343_HH72GDSX2_L1_clmp_r1r2_fastp	92.33764328779286	6.84062977849348	0.6930419545881864	0.10089942610742424	0.01968713649801201	0.0047906125893192614	0.0018706201539246635	0.0006615607861440885	0.00036499905442432466	0.00013687464540912173	9.124976360608116e-05	6.843732270456086e-05	0.0	2.281244090152029e-05	0.0	4.562488180304058e-05	2.281244090152029e-05	0.0	2.281244090152029e-05	0.0	0.0	0.0	0.0	0.0	0.0	0.0	0.0	0.0	0.0	0.0	0.0
GmA01041_CKDL210018111-1a-AK9143-AK533_HH72GDSX2_L1_clmp_r1r2_fastp	92.34834211467485	6.742706078851408	0.7370427588037711	0.12651215438446423	0.02968081144757558	0.008987202224032978	0.0028113812085436493	0.0014287347125385757	0.0009217643306700489	0.00032261751573451714	0.00032261751573451714	0.000414793948801522	4.608821653350244e-05	9.217643306700488e-05	0.00018435286613400977	9.217643306700488e-05	0.0	0.0	0.0	0.0	0.0	4.608821653350244e-05	0.0	0.0	0.0	4.608821653350244e-05	0.0	0.0	0.0	0.0	0.0
GmA01042_CKDL210018111-1a-AK7758-GC06_HH72GDSX2_L1_clmp_r1r2_fastp	93.99401770716376	5.456894530802463	0.4644473077038324	0.0643352058109673	0.013501580178411219	0.0035252167567653317	0.0013748345351384792	0.0007755476864883729	0.00038777384324418645	0.00028201734054122653	0.00014100867027061327	0.0	3.5252167567653316e-05	0.00014100867027061327	3.5252167567653316e-05	3.5252167567653316e-05	0.0	0.0	3.5252167567653316e-05	0.0	0.0	0.0	0.0	3.5252167567653316e-05	0.0	0.0	0.0	0.0	0.0	0.0	0.0
GmA01055_CKDL210018111-1a-AK9143-AK4236_HH72GDSX2_L1_clmp_r1r2_fastp	92.34618057951452	6.799206310471282	0.7116025762933218	0.10918279935441198	0.023182937358104436	0.0069422589184886235	0.0020195662308330545	0.00092563452246515	0.00021037148237844317	0.0002524457788541318	0.0001262228894270659	8.414859295137726e-05	4.207429647568863e-05	4.207429647568863e-05	0.0	0.0	0.0	0.0	0.0	0.0	0.0	0.0	0.0	0.0	0.0	0.0	0.0	0.0	0.0	0.0	0.0
GmA01060_CKDL210018111-1a-5UDI225-AK533_HH72GDSX2_L1_clmp_r1r2_fastp	92.57985865428246	6.5481342868123225	0.7075067913229102	0.11849646276535246	0.030918627440416544	0.008230999560614278	0.0030529525643005683	0.0017060617271091412	0.000718341779835428	0.0005986181498628566	0.0002394472599451426	0.000179585444958857	0.00014965453746571415	5.986181498628565e-05	2.9930907493142827e-05	0.0	2.9930907493142827e-05	0.0	2.9930907493142827e-05	0.0	0.0	5.986181498628565e-05	0.0	0.0	0.0	0.0	0.0	0.0	0.0	0.0	0.0
GmA01065_CKDL210018111-1a-AK9143-AK7557_HH72GDSX2_L1_clmp_r1r2_fastp	93.06227466941277	6.237703424513102	0.5918222782726549	0.08445098669461909	0.017094927003638044	0.004248140542820233	0.0015013508745710061	0.0005459457725712749	0.00013648644314281873	0.00010236483235711404	3.412161078570468e-05	5.118241617855702e-05	0.0	0.0	0.0	0.0	0.0	0.0	1.706080539285234e-05	1.706080539285234e-05	0.0	0.0	0.0	0.0	0.0	0.0	0.0	0.0	0.0	0.0	0.0
GmA01074_CKDL210018111-1a-AK7078-GC06_HH72GDSX2_L1_clmp_r1r2_fastp	90.21828857679297	8.493538360229067	1.057223827125168	0.172467182239016	0.04280321886477397	0.01121036684553604	0.0026654019073302474	0.00086233591119508	0.00031357669498002907	0.00031357669498002907	0.00015678834749001454	7.839417374500727e-05	7.839417374500727e-05	0.0	0.0	0.0	0.0	0.0	0.0	0.0	0.0	0.0	0.0	0.0	0.0	0.0	0.0	0.0	0.0	0.0	0.0
GmA01078_CKDL210018111-1a-AK9143-GC06_HH72GDSX2_L1_clmp_r1r2_fastp	93.34681073342911	6.000371163447785	0.5559729200306873	0.07809394779144475	0.01363506814034805	0.003475132410991361	0.0011825103342956716	0.00021719577568696005	0.00014479718379130672	4.8265727930435574e-05	0.0	4.8265727930435574e-05	0.0	0.0	0.0	0.0	0.0	0.0	0.0	0.0	0.0	0.0	0.0	0.0	0.0	0.0	0.0	0.0	0.0	0.0	0.0
GmA01079_CKDL210018111-1a-AK9143-AK10343_HH72GDSX2_L1_clmp_r1r2_fastp	92.87990670309779	6.368877978896458	0.6331827393673642	0.09192073762422238	0.018731129195978777	0.004528404860566298	0.0018231240347734443	0.0005292940746116451	0.00026464703730582256	0.00017643135820388174	0.0	2.940522636731362e-05	0.0	2.940522636731362e-05	0.0	0.0	0.0	0.0	0.0	0.0	0.0	0.0	0.0	0.0	0.0	0.0	0.0	0.0	0.0	0.0	0.0
GmA01083_CKDL210018111-1a-AK9143-GD06_HH72GDSX2_L1_clmp_r1r2_fastp	92.80738109631696	6.398306911406593	0.6541235616483219	0.1078064069621685	0.022690809152917674	0.005513966878102233	0.0020050788647644484	0.0010693753945410392	0.0005012697161911121	0.00023392586755585233	0.00016708990539703736	3.3417981079407474e-05	3.3417981079407474e-05	3.3417981079407474e-05	3.3417981079407474e-05	0.0	0.0	0.0	3.3417981079407474e-05	0.0	0.0	3.3417981079407474e-05	0.0	0.0	0.0	0.0	0.0	0.0	0.0	0.0	0.0
GmA01089_CKDL210018111-1a-AK9143-AK8488_HH72GDSX2_L1_clmp_r1r2_fastp	91.87651678928577	7.216633874671172	0.7615967944916514	0.1140702100081445	0.023703283184449232	0.005152887648793312	0.001825594481286773	0.00035334086734582705	8.833521683645676e-05	5.8890144557637847e-05	0.0	0.0	0.0	0.0	0.0	0.0	0.0	0.0	0.0	0.0	0.0	0.0	0.0	0.0	0.0	0.0	0.0	0.0	0.0	0.0	0.0
GmA02001_CKDL210018111-1a-AK3911-AK4234_HH72GDSX2_L1_clmp_r1r2_fastp	92.22453008404898	6.972808297659805	0.6661565077365428	0.09919756974630294	0.02250020678210603	0.008097760795616566	0.0035861512094873364	0.0010989818222622483	0.0008676172281017749	0.0004627291883209466	0.00017352344562035501	0.00011568229708023665	0.0	5.784114854011833e-05	5.784114854011833e-05	0.0	5.784114854011833e-05	5.784114854011833e-05	0.00011568229708023665	0.0	0.0	0.0	0.0	5.784114854011833e-05	0.0	0.0	0.0	0.0	0.0	0.0	0.0
GmA02002_CKDL210018111-1a-5UDI225-AK7557_HH72GDSX2_L1_clmp_r1r2_fastp	93.31235017073261	5.94198069995101	0.5925115956567787	0.10311324079416444	0.029421644706601587	0.011136230005769758	0.00403287341772732	0.0019247804948244027	0.0007790778193336867	0.0008249059263533155	0.00041245296317665774	0.0005499372842355436	0.0002291405350981432	0.0001374843210588859	4.5828107019628635e-05	4.5828107019628635e-05	4.5828107019628635e-05	4.5828107019628635e-05	9.165621403925727e-05	4.5828107019628635e-05	0.0	0.0	9.165621403925727e-05	0.0	4.5828107019628635e-05	0.0	0.0	0.0	0.0	4.5828107019628635e-05	9.165621403925727e-05
GmA02004_CKDL210018111-1a-5UDI225-AK4236_HH72GDSX2_L1_clmp_r1r2_fastp	92.37667260309415	6.7512000542567705	0.6930297633550779	0.12885982914141175	0.028886706337743373	0.010047550030519433	0.0052749637660227024	0.001507132504577915	0.0025118875076298583	0.00025118875076298586	0.0010047550030519434	0.0005023775015259717	0.00025118875076298586	0.0	0.0	0.0	0.0	0.0	0.0	0.0	0.0	0.0	0.0	0.0	0.0	0.0	0.0	0.0	0.0	0.0	0.0
GmA02005_CKDL210018111-1a-5UDI225-AK10343_HH72GDSX2_L1_clmp_r1r2_fastp	93.1199841512776	6.127298647420309	0.596949120939736	0.10449280203858077	0.030007691291748566	0.010293900572573941	0.0041758275907611275	0.002719143547472362	0.0014566840432887653	0.0006797858868680905	0.0007768981564206748	0.0006797858868680905	0.0	0.0	0.0	9.711226955258436e-05	9.711226955258436e-05	9.711226955258436e-05	9.711226955258436e-05	0.0	0.0	0.0	9.711226955258436e-05	0.0	0.0	0.0	0.0	0.0	0.0	0.0	0.0
GmA02006_CKDL210018111-1a-5UDI225-AK4234_HH72GDSX2_L1_clmp_r1r2_fastp	93.546220245451	5.767390726928335	0.5442501971586591	0.09588730626405621	0.027176616213876893	0.009434900723308205	0.004409790555459269	0.002153618643363829	0.0005127663436580546	0.0010255326873161092	0.00030765980619483274	0.00041021307492644367	0.0	0.00010255326873161092	0.00020510653746322183	0.00020510653746322183	0.0	0.00010255326873161092	0.0	0.0	0.0	0.00010255326873161092	0.0	0.0	0.0	0.0	0.0	0.0	0.0	0.0	0.00010255326873161092
GmA02007_CKDL210018111-1a-AK9144-AK8488_HH72GDSX2_L1_clmp_r1r2_fastp	90.72098702592912	8.079846286683527	0.9467156747311553	0.17137221117931872	0.04724315010889327	0.01667405297960939	0.0073619356722836775	0.0036078360248277624	0.0021939543394222877	0.0011701089810252203	0.0009750908175210168	0.000633809031388661	0.0003412817861323559	9.750908175210167e-05	0.00019501816350420335	0.0	0.00014626362262815253	0.0	9.750908175210167e-05	0.0	4.875454087605084e-05	0.0	4.875454087605084e-05	0.0	0.00014626362262815253	0.0	4.875454087605084e-05	0.0	0.0	0.0	4.875454087605084e-05
GmA02008_CKDL210018111-1a-AK9144-AK10343_HH72GDSX2_L1_clmp_r1r2_fastp	89.38412421891904	9.14378947192473	1.1706115762954405	0.21655292685395586	0.05757410576734675	0.01717937026928895	0.006639594455427891	0.002042952140131659	0.0007893224177781409	0.00037144584366030165	4.6430730457537706e-05	0.00023215365228768851	4.6430730457537706e-05	0.0	0.0	0.0	0.0	0.0	0.0	0.0	0.0	0.0	0.0	0.0	0.0	0.0	0.0	0.0	0.0	0.0	0.0
GmA02017_CKDL210018111-1a-5UDI225-AK8488_HH72GDSX2_L1_clmp_r1r2_fastp	93.73979642335841	5.620144235199623	0.5171897913606779	0.08293694630486893	0.022639852283496457	0.008191303338752487	0.0037543473635948898	0.0022753620385423576	0.000910144815416943	0.0004550724077084715	0.00034130430578135364	0.0	0.0004550724077084715	0.0	0.0	0.00011376810192711788	0.00022753620385423576	0.00011376810192711788	0.0	0.0	0.0	0.0	0.0	0.0	0.00011376810192711788	0.0	0.0	0.0	0.0	0.0	0.00034130430578135364
GmA02018_CKDL210018111-1a-AK9144-AK7557_HH72GDSX2_L1_clmp_r1r2_fastp	92.66486566606855	6.501025444418632	0.6877389912591374	0.10835220559626137	0.02599241498930374	0.0073398731840939955	0.0022803489503981345	0.0011758049275490381	0.0004631958805496211	0.0002672283926247814	0.00023159794027481054	7.12609046999417e-05	8.907613087492713e-05	3.563045234997085e-05	0.0	3.563045234997085e-05	1.7815226174985426e-05	1.7815226174985426e-05	0.0	0.0	0.0	0.0	0.0	0.0	0.0	0.0	0.0	0.0	0.0	0.0	0.0
GmA02019_CKDL210018111-1a-AK9144-GC06_HH72GDSX2_L1_clmp_r1r2_fastp	92.2546421485797	6.825071638920152	0.7333372527166813	0.12787691411008947	0.03504941376620578	0.012602036410321179	0.004866411381664206	0.0025597886458464895	0.001462736369055137	0.0005625909111750527	0.0005907204567338054	0.00022503636447002108	0.0002531659100287737	0.00028129545558752635	0.0001687772733525158	0.00014064772779376317	2.8129545558752635e-05	2.8129545558752635e-05	2.8129545558752635e-05	0.0	5.625909111750527e-05	5.625909111750527e-05	2.8129545558752635e-05	2.8129545558752635e-05	2.8129545558752635e-05	0.0	0.0	0.0	2.8129545558752635e-05	0.0	0.0
GmA02020_CKDL210018111-1a-AK9144-AK4234_HH72GDSX2_L1_clmp_r1r2_fastp	91.70572532459092	7.3304241367431136	0.7818651182583967	0.12974245751490554	0.03301636633141216	0.011120782072706191	0.00425061003667881	0.001581622339229325	0.0005931083772109969	0.0006425340753119132	4.9425698100916405e-05	0.00014827709430274922	9.885139620183281e-05	0.0003459798867064148	0.00014827709430274922	0.0	4.9425698100916405e-05	4.9425698100916405e-05	0.0	0.0	0.0	0.0	4.9425698100916405e-05	0.0	9.885139620183281e-05	0.0	0.0	0.0	0.0	0.0	0.0
GmA02021_CKDL210018111-1a-AK9144-GD06_HH72GDSX2_L1_clmp_r1r2_fastp	91.12321262088557	7.7660357817566705	0.9006212330319141	0.15420558702329681	0.03737296978075534	0.011211890934226604	0.004073990399523781	0.0017171364493860565	0.0006060481586068435	0.0002693547371585971	0.0003366934214482463	3.366934214482464e-05	6.733868428964927e-05	0.0	0.0	0.0	6.733868428964927e-05	3.366934214482464e-05	3.366934214482464e-05	0.0	0.0	0.0	0.0	0.0	3.366934214482464e-05	0.0	0.0	3.366934214482464e-05	3.366934214482464e-05	0.0	0.0
GmA02022_CKDL210018111-1a-5UDI225-GC06_HH72GDSX2_L1_clmp_r1r2_fastp	94.18646898761804	5.256396963600556	0.457835643277376	0.07013911941860333	0.01777438554210569	0.005750536498916547	0.0023524922041022237	0.0012778969997592326	0.000667991613510508	0.0003485173635706998	0.0001742586817853499	0.0001742586817853499	0.0001161724545235666	0.00014521556815445827	5.80862272617833e-05	5.80862272617833e-05	8.712934089267495e-05	2.904311363089165e-05	0.0	2.904311363089165e-05	2.904311363089165e-05	0.0	2.904311363089165e-05	0.0	0.0	0.0	0.0	0.0	0.0	0.0	5.80862272617833e-05
GmA02023_CKDL210018111-1a-AK3911-GC06_HH72GDSX2_L1_clmp_r1r2_fastp	92.83061314735073	6.422687813891864	0.6197131236433397	0.09264381228446862	0.02139550837241131	0.00744008837311749	0.0027742702408234707	0.0009667911445293912	0.0007145847589999849	0.00042034397588234406	8.40687951764688e-05	8.40687951764688e-05	4.20343975882344e-05	0.0001681375903529376	4.20343975882344e-05	0.0	0.0001261031927647032	4.20343975882344e-05	0.0	0.0	0.0	4.20343975882344e-05	0.0	0.0	0.0	0.0	0.0	0.0	0.0	0.0	0.0
GmA02028_CKDL210018111-1a-5UDI245-AK533_HH72GDSX2_L1_clmp_r1r2_fastp	91.37522346134297	7.531260836588598	0.8886200579218134	0.14852559057923398	0.038002283303855175	0.009500570825963794	0.0041169140245843104	0.0023751427064909484	0.00015834284709939655	0.0009500570825963793	0.00047502854129818965	0.0003166856941987931	0.0	0.00015834284709939655	0.0	0.00015834284709939655	0.0	0.0	0.0	0.0	0.0	0.0	0.0	0.0	0.0	0.0	0.0	0.0	0.0	0.0	0.00015834284709939655
GmA02030_CKDL210018111-1a-5UDI225-GD06_HH72GDSX2_L1_clmp_r1r2_fastp	92.2605064332844	6.73503156088493	0.7998926083619564	0.1456207265861424	0.0388127387494127	0.011089353928403628	0.0040855514473066	0.002626425930411386	0.0002918251033790429	0.0	0.0002918251033790429	0.0002918251033790429	0.0005836502067580858	0.0	0.0	0.0	0.0	0.0	0.0	0.0002918251033790429	0.0	0.0002918251033790429	0.0	0.0	0.0	0.0002918251033790429	0.0	0.0	0.0	0.0	0.0
GmA02033_CKDL210018111-1a-AK3911-AK533_HH72GDSX2_L1_clmp_r1r2_fastp	91.35834624601792	7.608418428726793	0.8353945506866982	0.1426210022809736	0.03645226798071278	0.010466492786541293	0.0033685264140592666	0.002045176751393126	0.0010827406330904787	0.0003609135443634929	0.0002406090295756619	0.00012030451478783095	0.00030076128696957736	0.00018045677218174645	6.0152257393915477e-05	6.0152257393915477e-05	0.00012030451478783095	0.0	0.00018045677218174645	0.0	0.0	6.0152257393915477e-05	0.0	0.0	0.0	0.0	0.0	0.0	0.0	0.0	0.00012030451478783095
GmA02034_CKDL210018111-1a-5UDI245-AK7557_HH72GDSX2_L1_clmp_r1r2_fastp	91.84366267088184	7.1872875778206975	0.7826577184104616	0.12920663350632816	0.03655010196264607	0.011194311671216322	0.0037763942987235786	0.0017533259244073758	0.0013487122495441353	0.0010789697996353082	0.00026974244990882705	0.0	0.00026974244990882705	0.00013487122495441353	0.00026974244990882705	0.00013487122495441353	0.0	0.0	0.0	0.00013487122495441353	0.00013487122495441353	0.0	0.0	0.0	0.00013487122495441353	0.0	0.0	0.0	0.0	0.0	0.0
GmA02035_CKDL210018111-1a-5UDI245-AK8488_HH72GDSX2_L1_clmp_r1r2_fastp	91.91059270596928	7.0923277211871705	0.794672859379673	0.14355834696785771	0.03720905684277195	0.013282665681462327	0.0037824809556482116	0.002023187487904857	0.0007916820604845094	0.00043982336693583853	0.00043982336693583853	0.00017592934677433545	8.796467338716772e-05	0.0	0.00026389402016150314	0.0	8.796467338716772e-05	0.0	0.0	0.0	0.00017592934677433545	0.0	0.0	0.0	0.0	0.0	0.0	0.0	0.0	0.0	8.796467338716772e-05
GmA02044_CKDL210018111-1a-AK3911-GD06_HH72GDSX2_L1_clmp_r1r2_fastp	93.0778534099194	6.11049787753044	0.6648814755762692	0.11198326553695413	0.02377983551712625	0.006200472871227761	0.0026573455162404694	0.0011583300968227687	0.00034068532259493196	0.00034068532259493196	0.0001022055967784796	6.813706451898639e-05	6.813706451898639e-05	3.4068532259493194e-05	0.0	0.0	3.4068532259493194e-05	0.0	0.0	0.0	0.0	0.0	0.0	0.0	0.0	0.0	0.0	0.0	0.0	0.0	0.0
GmA02045_CKDL210018111-1a-AK3911-AK7557_HH72GDSX2_L1_clmp_r1r2_fastp	93.15939924067165	6.054401195816952	0.6603190257790242	0.10045401748651143	0.019262515337777838	0.005200879141200016	0.0006741880368222244	0.00019262515337777837	9.631257668888918e-05	0.0	0.0	0.0	0.0	0.0	0.0	0.0	0.0	0.0	0.0	0.0	0.0	0.0	0.0	0.0	0.0	0.0	0.0	0.0	0.0	0.0	0.0
GmA02047_CKDL210018111-1a-AK3911-AK4236_HH72GDSX2_L1_clmp_r1r2_fastp	91.49969365113333	7.50143817163836	0.8144079167382023	0.1362906644556388	0.03140787849544871	0.008950431695594192	0.0032547024347615236	0.0021969241434640283	0.0006509404869523048	0.00040683780434519045	0.00024410268260711428	0.00040683780434519045	8.13675608690381e-05	8.13675608690381e-05	8.13675608690381e-05	0.0001627351217380762	0.0	0.0	8.13675608690381e-05	0.0	0.0	0.0	0.0	0.0	0.0001627351217380762	0.0	0.0	0.0	0.0	0.0	0.0
GmA02049_CKDL210018111-1a-AK9144-AK533_HH72GDSX2_L1_clmp_r1r2_fastp	91.19335599568466	7.404726525128748	1.0930038471716164	0.22765485374641237	0.056343762086021945	0.018157021597085106	0.004641032426160767	0.0010584810796507014	0.0004885297290695544	0.0003256864860463696	0.0001628432430231848	8.14216215115924e-05	0.0	0.0	0.0	0.0	0.0	0.0	0.0	0.0	0.0	0.0	0.0	0.0	0.0	0.0	0.0	0.0	0.0	0.0	0.0
GmA02054_CKDL210018111-1a-5UDI245-GC06_HH72GDSX2_L1_clmp_r1r2_fastp	92.38412622441113	6.647671015662963	0.7800882708629427	0.14157681866841065	0.03155792958060379	0.00922532818419966	0.0030598860808979077	0.0012330884206603508	0.0006393791810831448	0.0002740196490356335	0.00013700982451781676	9.133988301187784e-05	4.566994150593892e-05	0.00013700982451781676	0.0	4.566994150593892e-05	0.0	0.0	0.0	4.566994150593892e-05	0.0	0.0	0.0	4.566994150593892e-05	0.0	0.0	0.0	0.0	0.0	0.0	0.0
GmA02055_CKDL210018111-1a-AK9144-AK4236_HH72GDSX2_L1_clmp_r1r2_fastp	90.49479328046878	8.28092736867937	0.9849512048207703	0.1735160043726033	0.04213960106191795	0.013757340346684976	0.0043379001093150835	0.002974560074958914	0.001239400031232881	0.00037182000936986423	0.0004957600124931524	0.0	0.0	0.0001239400031232881	0.0	0.0	0.0	0.0	0.0	0.0002478800062465762	0.0001239400031232881	0.0	0.0	0.0	0.0	0.0	0.0	0.0	0.0	0.0	0.0
GmA02058_CKDL210018111-1a-AK3911-AK8488_HH72GDSX2_L1_clmp_r1r2_fastp	90.97881461887705	8.002136011833926	0.8504882097569647	0.13165545436195308	0.027039077869531556	0.006778598908796211	0.0018076263756789895	0.0009038131878394948	0.0002259532969598737	0.0	0.00015063553130658248	0.0	0.0	0.0	0.0	0.0	0.0	0.0	0.0	0.0	0.0	0.0	0.0	0.0	0.0	0.0	0.0	0.0	0.0	0.0	0.0
GmA02059_CKDL210018111-1a-AK3911-AK10343_HH72GDSX2_L1_clmp_r1r2_fastp	91.43367053038854	7.600627912030915	0.7991093538048383	0.12344950890848173	0.029973670029480842	0.008563905722708813	0.0024237469026534373	0.0007271240707960313	0.0006463325073742499	0.00016158312684356248	0.00016158312684356248	8.079156342178124e-05	0.0	0.00016158312684356248	0.00016158312684356248	0.0	0.0	0.0	0.0	8.079156342178124e-05	0.0	0.0	0.0	0.0	0.0	0.0	0.0	0.0	0.0	0.0	0.0
GmA02060_CKDL210018111-1a-5UDI245-AK10343_HH72GDSX2_L1_clmp_r1r2_fastp	91.58661076304196	7.4161578480292905	0.8168731168396384	0.1337010644007631	0.03082139004469102	0.009777820290039908	0.0031884196597956227	0.0013816485192447697	0.0007439645872856452	0.00042512262130608297	0.0	0.0	0.00010628065532652074	0.0	0.0	0.0	0.0	0.0	0.0	0.0	0.0	0.0	0.00010628065532652074	0.0	0.0	0.00010628065532652074	0.0	0.0	0.0	0.0	0.0
GmC01002_CKDL210018111-1a-AK3905-7UDI214_HH72GDSX2_L1_clmp_r1r2_fastp	73.43346498556889	17.921160565091903	5.212289229834422	1.8855385082789005	0.7937110739784293	0.3550812699377184	0.2126689958985265	0.10063800698769558	0.0455719276925414	0.02088713352574814	0.01139298192313535	0.005696490961567675	0.0018988303205225582	0.0	0.0	0.0	0.0	0.0	0.0	0.0	0.0	0.0	0.0	0.0	0.0	0.0	0.0	0.0	0.0	0.0	0.0
GmC01005_CKDL210018111-1a-AK9142-7UDI214_HH72GDSX2_L1_clmp_r1r2_fastp	88.09396689802456	9.13736557089467	1.8000152543665624	0.587293112653497	0.21356113187399892	0.11440774921821371	0.022881549843642743	0.022881549843642743	0.007627183281214248	0.0	0.0	0.0	0.0	0.0	0.0	0.0	0.0	0.0	0.0	0.0	0.0	0.0	0.0	0.0	0.0	0.0	0.0	0.0	0.0	0.0	0.0
GmC01006_CKDL210018111-1a-AK8410-7UDI214_HH72GDSX2_L1_clmp_r1r2_fastp	73.83000179753645	18.33730924025141	5.014517391926929	1.626618163648938	0.6251770878081327	0.294308512096811	0.13770957294799024	0.06550344730933165	0.03777873240166105	0.015538027036167044	0.007921347116477316	0.004570007951813836	0.0021326703775131238	0.0	0.0003046671967875891	0.0003046671967875891	0.0	0.0	0.0	0.0	0.0	0.0	0.0	0.0003046671967875891	0.0	0.0	0.0	0.0	0.0	0.0	0.0
GmC01008_CKDL210018111-1a-AK7759-7UDI214_HH72GDSX2_L1_clmp_r1r2_fastp	70.58778218021983	19.49892399609076	6.070491495476932	2.085666279915075	0.8761127132148686	0.42587608864153903	0.21558592866118154	0.1125591561433324	0.06017918955481843	0.030811745052067036	0.015213299119458097	0.009724957032058657	0.005199481977536312	0.002407167582192737	0.0016368739558910612	0.0005777202197262569	0.0005777202197262569	0.00048143351643854744	9.628670328770947e-05	0.0	0.0	9.628670328770947e-05	0.0	0.0	0.0	0.0	0.0	0.0	0.0	0.0	0.0
GmC01009_CKDL210018111-1a-AK6881-7UDI214_HH72GDSX2_L1_clmp_r1r2_fastp	71.9609393869075	19.283809830506872	5.5602650135679745	1.8003021419877911	0.7053926188322543	0.3329244787103557	0.17688092858935683	0.0878484933154637	0.04522658281200422	0.023205262385216828	0.010181900842493099	0.005446133008775378	0.0035518258752882895	0.001894307133487088	0.0016575187418012018	0.000236788391685886	0.0	0.000236788391685886	0.0	0.0	0.0	0.0	0.0	0.0	0.0	0.0	0.0	0.0	0.0	0.0	0.0
GmC01012_CKDL210018111-1a-5UDI312-7UDI214_HH72GDSX2_L1_clmp_r1r2_fastp	91.55251141552512	6.621004566210045	1.36986301369863	0.45662100456621	0.0	0.0	0.0	0.0	0.0	0.0	0.0	0.0	0.0	0.0	0.0	0.0	0.0	0.0	0.0	0.0	0.0	0.0	0.0	0.0	0.0	0.0	0.0	0.0	0.0	0.0	0.0
GmC01013_CKDL210018111-1a-AK9141-AK4971_HH72GDSX2_L1_clmp_r1r2_fastp	73.48056802801469	18.33415687369755	5.164672266741143	1.7229896663587343	0.6681418781017037	0.3201065589619095	0.15897909639718993	0.08163791436612457	0.02792876017788472	0.02363202784282553	0.012890197005177562	0.004296732335059188	0.0	0.0	0.0	0.0	0.0	0.0	0.0	0.0	0.0	0.0	0.0	0.0	0.0	0.0	0.0	0.0	0.0	0.0	0.0
GmC01014_CKDL210018111-1a-AK3905-AK4971_HH72GDSX2_L1_clmp_r1r2_fastp	69.9659820929965	20.269358164226634	6.2444315926035925	2.020896714302157	0.7703762857958897	0.3553833977267399	0.16987639023683226	0.09214959353290315	0.04731814132067348	0.02806406279529433	0.015062231171145312	0.008028453407261417	0.00532861951809386	0.0029129786698913105	0.001634109985548784	0.0012788686843425265	0.0006394343421712633	0.00021314478072375444	0.0003552413012062574	0.00042628956144750887	7.104826024125147e-05	7.104826024125147e-05	0.0	0.0	0.0	7.104826024125147e-05	7.104826024125147e-05	0.0	0.0	0.0	0.0
GmC01016_CKDL210018111-1a-5UDI298-AK4971_HH72GDSX2_L1_clmp_r1r2_fastp	71.23722654776078	19.832713936121397	5.754679650748417	1.8394115812633636	0.7146758373061476	0.31139283107312216	0.14731143705321992	0.07730260985326863	0.03813442269135985	0.02119217164625269	0.01119911509761321	0.007638370810166959	0.0031587247711216747	0.002010097581622884	0.0010911958300238512	0.00028715679737469774	0.00017229407842481861	0.00017229407842481861	0.00011486271894987908	0.0	5.743135947493954e-05	0.0	5.743135947493954e-05	0.0	0.0	0.0	0.0	0.0	0.0	0.0	0.0
GmC01017_CKDL210018111-1a-AK9142-AK4971_HH72GDSX2_L1_clmp_r1r2_fastp	69.73688318407251	19.843811324793947	6.314112284582723	2.26578388696614	0.9615727691154957	0.4270435651336212	0.21407928069361687	0.10804313697505977	0.05519231455382309	0.03344988760837764	0.018062939308523925	0.00836247190209441	0.006578477896314268	0.003233489135476505	0.0012264958789738466	0.0011149962536125878	0.00022299925072251755	0.0004459985014450351	0.00022299925072251755	0.00022299925072251755	0.0	0.00011149962536125877	0.0	0.0	0.0	0.0	0.0	0.0	0.00011149962536125877	0.00011149962536125877	0.0
GmC01018_CKDL210018111-1a-AK8410-AK4971_HH72GDSX2_L1_clmp_r1r2_fastp	74.2786405190081	18.163804318975906	4.931534267675559	1.5339630933370465	0.596284967126876	0.26342011025876433	0.12017944244048683	0.06091644439416421	0.027847517437332207	0.012531382846799494	0.006439738407383074	0.002958798727716547	0.001044281903899958	0.0002610704759749895	0.0	8.702349199166315e-05	8.702349199166315e-05	0.0	0.0	0.0	0.0	0.0	0.0	0.0	0.0	0.0	0.0	0.0	0.0	0.0	0.0
GmC01021_CKDL210018111-1a-AK6881-AK4971_HH72GDSX2_L1_clmp_r1r2_fastp	91.04897174138186	6.998076638556	1.3907382748927355	0.31562854465650736	0.13808748828722198	0.05918035212309513	0.029590176061547565	0.009863392020515855	0.0	0.009863392020515855	0.0	0.0	0.0	0.0	0.0	0.0	0.0	0.0	0.0	0.0	0.0	0.0	0.0	0.0	0.0	0.0	0.0	0.0	0.0	0.0	0.0
GmC01022_CKDL210018111-1a-AK6260-AK4971_HH72GDSX2_L1_clmp_r1r2_fastp	69.44655929721816	20.743777452415813	6.207906295754027	2.2371888726207905	0.6207906295754027	0.3923865300146413	0.20497803806734993	0.08199121522693997	0.03513909224011713	0.02342606149341142	0.0	0.005856515373352855	0.0	0.0	0.0	0.0	0.0	0.0	0.0	0.0	0.0	0.0	0.0	0.0	0.0	0.0	0.0	0.0	0.0	0.0	0.0
GmC01026_CKDL210018111-1a-AK3905-AK1864_HH72GDSX2_L1_clmp_r1r2_fastp	72.5259221572865	18.984827913823487	5.417041765756362	1.7517249670841384	0.6896202873136845	0.3186020802237985	0.1544992830353556	0.07811102542072189	0.04094322637022353	0.019683538550411852	0.009163658543022278	0.00494837561323203	0.0027490975629066833	0.000989675122646406	0.0006231287809255148	0.00021992780503253466	0.00021992780503253466	0.0	3.665463417208911e-05	3.665463417208911e-05	0.0	3.665463417208911e-05	0.0	0.0	0.0	0.0	0.0	0.0	0.0	0.0	0.0
GmC01028_CKDL210018111-1a-5UDI298-AK1864_HH72GDSX2_L1_clmp_r1r2_fastp	68.27619124307532	20.605462254011268	6.783413214392827	2.401683278892845	0.9696592013761248	0.4544292851316199	0.22744804230136806	0.11704996738238695	0.07095351960966229	0.03746065755707499	0.020655876596891814	0.012370185984579282	0.007001992066742989	0.004667994711161992	0.003267596297813395	0.0017504980166857473	0.002100597620022897	0.0007001992066742989	0.0010502988100114484	0.0008168990744533487	0.0	0.0004667994711161993	0.00011669986777904982	0.00011669986777904982	0.00035009960333714943	0.0	0.0	0.00011669986777904982	0.0	0.00023339973555809964	0.0004667994711161993
GmC01029_CKDL210018111-1a-AK9142-AK1864_HH72GDSX2_L1_clmp_r1r2_fastp	72.41292547171834	19.026019964322828	5.4789620899015095	1.7671596254461057	0.6937416011400448	0.31587047448833944	0.15339378820035632	0.07401715708674789	0.03650083889872399	0.019294106496698	0.01009837737692673	0.005923629187582719	0.0027643602875386023	0.0014668034178776258	0.0007898172250110293	0.00039490861250551464	0.00033849309643329824	0.00011283103214443276	0.00016924654821664912	0.0	5.641551607221638e-05	0.0	0.0	0.0	0.0	0.0	0.0	0.0	0.0	0.0	0.0
GmC01032_CKDL210018111-1a-AK7759-AK1864_HH72GDSX2_L1_clmp_r1r2_fastp	65.90468438218952	20.5424318992465	7.756052615215904	3.0162740875149088	1.3312079228068985	0.656842295669476	0.3517384840622474	0.19007161955151577	0.10796633259283125	0.057940047595629346	0.034764028557377605	0.019784406496068555	0.010740106383580073	0.0067832250843663615	0.003532929731440813	0.0026850265958950183	0.0024023922173797532	0.001271854703318693	0.0011305375140610602	0.00014131718925763253	0.0004239515677728976	0.00028263437851526506	0.00028263437851526506	0.00014131718925763253	0.0	0.00014131718925763253	0.0	0.00014131718925763253	0.00014131718925763253	0.0	0.0
GmC01033_CKDL210018111-1a-AK6881-AK1864_HH72GDSX2_L1_clmp_r1r2_fastp	71.79494094624229	19.41382803532269	5.667149300013091	1.8078242787609302	0.6841706937615566	0.30890781590712313	0.15451009344208597	0.0803452485898847	0.041970559927722986	0.0209010017310749	0.010057202445866687	0.006910815088500572	0.003820613219658853	0.001517008190158662	0.001067524281963503	0.0007865968393415285	0.0003932984196707643	0.0003932984196707643	0.0003932984196707643	0.0	0.0	5.61854885243949e-05	0.0	0.0	0.0	5.61854885243949e-05	0.0	0.0	0.0	0.0	0.0
GmC01035_CKDL210018111-1a-AK7010-AK1864_HH72GDSX2_L1_clmp_r1r2_fastp	73.46982117826954	17.546616828781378	5.509068512933781	1.86467315125515	0.8027863908592787	0.39077432782568067	0.20388225799600732	0.09344603491483668	0.04672301745741834	0.021237735207917427	0.016990188166333943	0.021237735207917427	0.008495094083166971	0.004247547041583486	0.0	0.0	0.0	0.0	0.0	0.0	0.0	0.0	0.0	0.0	0.0	0.0	0.0	0.0	0.0	0.0	0.0
GmC01036_CKDL210018111-1a-5UDI312-AK1864_HH72GDSX2_L1_clmp_r1r2_fastp	72.2255142639465	19.436214340133752	5.316177093033099	1.7156240300234205	0.694150512147634	0.31039250543186886	0.1523745026665538	0.05925675103699314	0.03950450069132876	0.016930500296283756	0.014108750246903128	0.014108750246903128	0.002821750049380626	0.0	0.002821750049380626	0.0	0.0	0.0	0.0	0.0	0.0	0.0	0.0	0.0	0.0	0.0	0.0	0.0	0.0	0.0	0.0
GmC01037_CKDL210018111-1a-AK9141-AK7558_HH72GDSX2_L1_clmp_r1r2_fastp	74.28485936564931	17.193297426690606	5.26032315978456	1.8611609814482348	0.7719928186714542	0.31119090365050867	0.18551765409934173	0.08976660682226212	0.011968880909634948	0.005984440454817474	0.0	0.011968880909634948	0.005984440454817474	0.005984440454817474	0.0	0.0	0.0	0.0	0.0	0.0	0.0	0.0	0.0	0.0	0.0	0.0	0.0	0.0	0.0	0.0	0.0
GmC01038_CKDL210018111-1a-AK3905-AK7558_HH72GDSX2_L1_clmp_r1r2_fastp	68.88987148775205	20.43692546613157	6.63975454201082	2.2694888224136793	0.8980219655781838	0.40556917862973296	0.20861502540452442	0.11344073917796918	0.057832533698572525	0.03248867277705356	0.01853606849313222	0.010784621668731472	0.007077407970105028	0.004313848667492589	0.002696155417182868	0.001752501021168864	0.000876250510584432	0.0004718271980070019	0.0005392310834365737	6.740388542957171e-05	0.0	0.00020221165628871512	6.740388542957171e-05	0.00013480777085914342	0.00020221165628871512	0.0	0.0	0.0	0.0	0.0	0.00026961554171828683
GmC01040_CKDL210018111-1a-5UDI298-AK7558_HH72GDSX2_L1_clmp_r1r2_fastp	87.57711721817162	9.674705552439708	1.9068984856982614	0.448681996634885	0.11217049915872125	0.14021312394840157	0.028042624789680313	0.08412787436904094	0.0	0.0	0.0	0.0	0.0	0.0	0.0	0.028042624789680313	0.0	0.0	0.0	0.0	0.0	0.0	0.0	0.0	0.0	0.0	0.0	0.0	0.0	0.0	0.0
GmC01041_CKDL210018111-1a-AK9142-AK7558_HH72GDSX2_L1_clmp_r1r2_fastp	71.20866471045461	19.545678268564068	5.844967953803989	1.928419852235165	0.7666880935539138	0.3482989830745521	0.1660538935523	0.09106875341238868	0.045991603170462095	0.02388335883939786	0.011887888070961548	0.008014910961870004	0.004303307898990605	0.0020440712520205374	0.0014523664159093294	0.0010220356260102687	0.0006454961848485908	0.00037653944116167794	0.00021516539494953026	0.00010758269747476513	0.00010758269747476513	0.0	5.3791348737382566e-05	0.0	5.3791348737382566e-05	0.0	0.0	0.0	0.0	0.0	0.0
GmC01042_CKDL210018111-1a-AK8410-AK7558_HH72GDSX2_L1_clmp_r1r2_fastp	75.48479803569602	17.501557864191444	4.6326695746798245	1.3788260679507807	0.5510653930933138	0.22972683897729704	0.10463266957467983	0.06231456765780932	0.028832113393911774	0.009765715826970117	0.010230749913968693	0.0037202726959886163	0.0	0.001395102260995731	0.0	0.00046503408699857704	0.0	0.0	0.0	0.0	0.0	0.0	0.0	0.0	0.0	0.0	0.0	0.0	0.0	0.0	0.0
GmC01045_CKDL210018111-1a-AK6881-AK7558_HH72GDSX2_L1_clmp_r1r2_fastp	68.03098797725436	20.488533816777103	6.914228439370157	2.476522706583283	1.0261914009582072	0.48963087361738983	0.24705941670928383	0.13635640828023043	0.07718182719803372	0.040557858943977516	0.026595317340313125	0.016234224959816135	0.010139464735994379	0.0059839464015704535	0.004100111423298273	0.002714938645156965	0.0009973244002617423	0.0011635451336386993	0.0008865105780104375	0.0004986622001308712	0.0004432552890052188	0.0003324414667539141	0.00038784837787956644	0.0004432552890052188	0.0003324414667539141	5.540691112565235e-05	0.0003324414667539141	0.0001108138222513047	5.540691112565235e-05	0.0003324414667539141	0.0006094760223821758
GmC01047_CKDL210018111-1a-AK7010-AK7558_HH72GDSX2_L1_clmp_r1r2_fastp	74.31778336763473	17.82338592880555	4.94892903422517	1.6255049927585943	0.6974616967756688	0.2972787560027441	0.13911121274487384	0.07622532205198566	0.03239576187209391	0.02096196356429606	0.017150697461696778	0.003811266102599284	0.0	0.0	0.0	0.0	0.0	0.0	0.0	0.0	0.0	0.0	0.0	0.0	0.0	0.0	0.0	0.0	0.0	0.0	0.0
GmC01051_CKDL210018111-1a-AK7761-7UDI308_HH72GDSX2_L1_clmp_r1r2_fastp	86.43183300717547	10.029354207436398	2.446183953033268	0.6360078277886496	0.21200260926288322	0.1141552511415525	0.04892367906066536	0.016307893020221786	0.016307893020221786	0.0	0.03261578604044357	0.0	0.016307893020221786	0.0	0.0	0.0	0.0	0.0	0.0	0.0	0.0	0.0	0.0	0.0	0.0	0.0	0.0	0.0	0.0	0.0	0.0
GmC01053_CKDL210018111-1a-AK9142-7UDI308_HH72GDSX2_L1_clmp_r1r2_fastp	74.27549061189055	18.688734311898205	4.812235649350902	1.373855966699222	0.4802680871724301	0.19796980430864267	0.09048936458134726	0.042564156440676716	0.01982292100360617	0.009792566210069352	0.004950325964913646	0.0019239258116913298	0.000907920045966695	0.0003674914471769956	0.0002377885834674677	0.00015132000766111584	8.64685758063519e-05	2.1617143951587975e-05	4.323428790317595e-05	2.1617143951587975e-05	2.1617143951587975e-05	0.0	2.1617143951587975e-05	0.0	2.1617143951587975e-05	0.0	0.0	0.0	0.0	0.0	0.0
GmC01054_CKDL210018111-1a-AK8410-7UDI308_HH72GDSX2_L1_clmp_r1r2_fastp	74.98751440208028	17.988293139069068	4.650259047694226	1.4153127319702652	0.5344898513720495	0.22762497362464876	0.10178229064043147	0.05252300158328008	0.02223878535245818	0.01123324311318707	0.005161219808761626	0.0022011084478542227	0.0007590029130531803	0.00045540174783190813	7.590029130531803e-05	0.0	7.590029130531803e-05	0.0	0.0	0.0	0.0	0.0	0.0	0.0	0.0	0.0	0.0	0.0	0.0	0.0	0.0
GmC01057_CKDL210018111-1a-AK6881-7UDI308_HH72GDSX2_L1_clmp_r1r2_fastp	73.05082877072779	18.39503885555418	5.3424824135567635	1.794050218402654	0.7309640746672244	0.3425790267527623	0.17072120045874217	0.08706553898228796	0.043760094658199564	0.02136856570322472	0.010456957684556779	0.006024116926972927	0.0022732516705558214	0.0012502884188057017	0.00034098775058337324	0.0004546503341111643	0.00034098775058337324	0.0	0.0	0.0	0.0	0.0	0.0	0.0	0.0	0.0	0.0	0.0	0.0	0.0	0.0
GmC01058_CKDL210018111-1a-AK6260-7UDI308_HH72GDSX2_L1_clmp_r1r2_fastp	72.96916669163696	19.006382404938122	5.321667216012944	1.6510352680310432	0.5992868486501064	0.25469691067629524	0.12884667245977285	0.026967908189254784	0.020975039702753724	0.011985736973002127	0.0029964342432505318	0.0	0.0	0.0029964342432505318	0.0	0.0029964342432505318	0.0	0.0	0.0	0.0	0.0	0.0	0.0	0.0	0.0	0.0	0.0	0.0	0.0	0.0	0.0
GmC01061_CKDL210018111-1a-AK9141-AK2587_HH72GDSX2_L1_clmp_r1r2_fastp	69.89962423431308	20.099861018170586	6.326246975858342	2.1269367375302415	0.7983733978483555	0.35774952385854736	0.1883975909816235	0.08596283522932002	0.04838626653626396	0.03500283111133989	0.020589900653729346	0.0051474751634323366	0.003088485098059402	0.0010294950326864673	0.0025737375817161683	0.0005147475163432337	0.0005147475163432337	0.0	0.0	0.0	0.0	0.0	0.0	0.0	0.0	0.0	0.0	0.0	0.0	0.0	0.0
GmC01062_CKDL210018111-1a-AK3905-AK2587_HH72GDSX2_L1_clmp_r1r2_fastp	92.86786411167259	5.893830990143593	0.9130935107820083	0.22764797118126784	0.05753739930955121	0.02251463451243308	0.007504878170811027	0.0050032521138740176	0.0025016260569370088	0.0025016260569370088	0.0	0.0	0.0	0.0	0.0	0.0	0.0	0.0	0.0	0.0	0.0	0.0	0.0	0.0	0.0	0.0	0.0	0.0	0.0	0.0	0.0
GmC01066_CKDL210018111-1a-AK8410-AK2587_HH72GDSX2_L1_clmp_r1r2_fastp	73.65745163691597	18.83606127547745	5.044924184921714	1.4915888510352864	0.540536816993737	0.2313480355329228	0.10126185532212421	0.051556578124253294	0.023830117738433566	0.010935591518630761	0.005769170328726464	0.0022603092705831295	0.0012700785425181396	0.0003874815892428222	0.0003229013243690185	0.00010763377478967284	0.00010763377478967284	8.610701983173827e-05	2.1526754957934567e-05	4.3053509915869135e-05	8.610701983173827e-05	0.0	0.0	2.1526754957934567e-05	0.0	0.0	0.0	0.0	0.0	0.0	2.1526754957934567e-05
GmC01068_CKDL210018111-1a-AK7759-AK2587_HH72GDSX2_L1_clmp_r1r2_fastp	74.2010721339227	18.109658609987775	5.028214050597198	1.5371955233706385	0.5863820182450861	0.26709301232013544	0.13495720868992758	0.06677325308003386	0.03197592401015706	0.018809367064798268	0.009874917709019092	0.003761873412959654	0.0028214050597197404	0.0009404683532399135	0.00047023417661995676	0.0	0.0	0.0	0.0	0.0	0.0	0.0	0.0	0.0	0.0	0.0	0.0	0.0	0.0	0.0	0.0
GmC01069_CKDL210018111-1a-AK6881-AK2587_HH72GDSX2_L1_clmp_r1r2_fastp	72.38718399205214	19.127033643928442	5.488030225314086	1.7308108062280363	0.6791755092949238	0.30317032067766486	0.14243263063742842	0.07160168499035227	0.035338398889210455	0.01797749518191568	0.008246910973054567	0.00475931544473009	0.001888311391026513	0.0010790350805865787	0.0007129338925304182	0.00015414786865522554	0.00013487938507332234	7.707393432761277e-05	5.7805450745709576e-05	0.0	1.9268483581903192e-05	7.707393432761277e-05	1.9268483581903192e-05	0.0	0.0	0.0	1.9268483581903192e-05	0.0	0.0	0.0	0.0
GmC01070_CKDL210018111-1a-AK6260-AK2587_HH72GDSX2_L1_clmp_r1r2_fastp	73.26362689087708	18.89978800618016	5.281879918076964	1.516294779203047	0.5102224138550537	0.2838561316517553	0.1437246236211419	0.057489849448456753	0.014372462362114188	0.014372462362114188	0.003593115590528547	0.003593115590528547	0.003593115590528547	0.003593115590528547	0.0	0.0	0.0	0.0	0.0	0.0	0.0	0.0	0.0	0.0	0.0	0.0	0.0	0.0	0.0	0.0	0.0
GmC01071_CKDL210018111-1a-AK7010-AK2587_HH72GDSX2_L1_clmp_r1r2_fastp	72.33746360332405	18.509702237997068	5.531232067331194	1.9872053728932435	0.8469533059871203	0.37831289451871375	0.17321629720941106	0.11583175702960617	0.061635246859790445	0.026566916749909675	0.014877473379949416	0.006376060019978321	0.005313383349981935	0.0031880300099891607	0.0010626766699963867	0.0	0.0	0.0010626766699963867	0.0	0.0	0.0	0.0	0.0	0.0	0.0	0.0	0.0	0.0	0.0	0.0	0.0
GmC01072_CKDL210018111-1a-5UDI312-AK2587_HH72GDSX2_L1_clmp_r1r2_fastp	67.30589459505282	20.5843421562238	7.078584749677638	2.6187139432985282	1.174968230439361	0.5518648770980742	0.2919533185775325	0.16705267136508786	0.09581419512187535	0.04635167231545268	0.029708622188763294	0.021464868387692855	0.011354604292040422	0.007466041178327949	0.0038885631137124733	0.0018665102945819873	0.0029553079664214796	0.0007777126227424946	0.0010887976718394925	0.0009332551472909937	0.0009332551472909937	0.00015554252454849895	0.0003110850490969979	0.0003110850490969979	0.0	0.0	0.00015554252454849895	0.0003110850490969979	0.0	0.0	0.0007777126227424946
GmC01073_CKDL210018111-1a-AK9141-GC12_HH72GDSX2_L1_clmp_r1r2_fastp	65.72910076501893	21.181198679764684	7.690053277445045	2.9063780122205185	1.242279125975283	0.5866646193323968	0.30414725451736185	0.16432810401836104	0.08386196143973862	0.05078963861843324	0.024508953519360225	0.013952386190238203	0.009523057240956234	0.00575812763406656	0.0029528859661879796	0.001845553728867487	0.0008858657898563937	0.0005905771932375959	0.0002952885966187979	0.0	0.00022146644746409843	0.0002952885966187979	0.00014764429830939896	0.0	0.0	0.00014764429830939896	7.382214915469948e-05	0.0	0.0	0.0	0.0
GmC01074_CKDL210018111-1a-AK3905-GC12_HH72GDSX2_L1_clmp_r1r2_fastp	74.77895789800203	17.95123968730688	4.811347749662756	1.4579040135041876	0.544640044629224	0.23180265034109135	0.12407693731950532	0.04977505043631318	0.027652805797951766	0.010580203957477198	0.006973316244700881	0.002404591808517545	0.0016832142659622816	0.0002404591808517545	0.0002404591808517545	0.000480918361703509	0.0	0.0	0.0	0.0	0.0	0.0	0.0	0.0	0.0	0.0	0.0	0.0	0.0	0.0	0.0
GmC01075_CKDL210018111-1a-AK7761-GC12_HH72GDSX2_L1_clmp_r1r2_fastp	70.83249526546072	19.88963625677529	5.963821589499119	1.9078560700058773	0.7339515444393653	0.33265852543590413	0.16136615947234376	0.08587474694703846	0.04401488930973683	0.022791092535753937	0.013191405994906289	0.00483249526546072	0.0034611114739110556	0.0017632077319924247	0.0011101678312544897	0.0007183438908117286	0.000261215960295174	0.00019591197022138053	0.0	0.0	0.0	0.0	0.0	0.0	0.0	0.0	0.0	0.0	0.0	0.0	0.0
GmC01077_CKDL210018111-1a-AK9142-GC12_HH72GDSX2_L1_clmp_r1r2_fastp	73.6219685629225	18.741476819743305	5.099188006582592	1.5464750511766878	0.5500177716232518	0.23722001097671724	0.10716697116957051	0.0511444538567431	0.02363819295899891	0.011432289685624927	0.005544230712201562	0.002234883697941715	0.001267866713255396	0.0004942531255063408	0.0003438282612218023	0.00017191413061090114	6.446779897908793e-05	2.1489266326362643e-05	4.2978532652725286e-05	0.0	2.1489266326362643e-05	4.2978532652725286e-05	0.0	2.1489266326362643e-05	0.0	0.0	0.0	0.0	0.0	0.0	0.0
GmC01078_CKDL210018111-1a-AK8410-GC12_HH72GDSX2_L1_clmp_r1r2_fastp	74.19944638942131	18.59070530259531	4.915805664534123	1.410139237477388	0.49924937860779994	0.2019615656608065	0.09741332907503933	0.04475091649585763	0.020676670745374565	0.01121199751685804	0.00538758322238633	0.0016987875025542484	0.0005824414294471708	0.00043683107208537813	0.00038829428629811387	4.8536785787264234e-05	4.8536785787264234e-05	0.0	4.8536785787264234e-05	0.0	0.0	0.0	0.0	0.0	0.0	0.0	0.0	0.0	0.0	0.0	0.0
GmC01080_CKDL210018111-1a-AK7759-GC12_HH72GDSX2_L1_clmp_r1r2_fastp	91.10400601843145	7.278540530374271	1.140994295028525	0.23196037865964517	0.12538398846467305	0.04388439596263557	0.04388439596263557	0.01880759826970096	0.006269199423233653	0.0	0.006269199423233653	0.0	0.0	0.0	0.0	0.0	0.0	0.0	0.0	0.0	0.0	0.0	0.0	0.0	0.0	0.0	0.0	0.0	0.0	0.0	0.0
GmC01081_CKDL210018111-1a-AK6881-GC12_HH72GDSX2_L1_clmp_r1r2_fastp	74.77332467373073	17.91566092541832	4.812727570265516	1.4927586630119052	0.5565243628032566	0.2466196866178456	0.10636992185901893	0.049988749335187994	0.024546905044388986	0.010994967884465901	0.005497483942232951	0.0035797569856400604	0.0006392423188642966	0.0003835453913185779	0.0003835453913185779	0.0	0.0	0.0	0.0	0.0	0.0	0.0	0.0	0.0	0.0	0.0	0.0	0.0	0.0	0.0	0.0
GmC01082_CKDL210018111-1a-AK6260-GC12_HH72GDSX2_L1_clmp_r1r2_fastp	76.87687687687688	15.782449115782448	4.070737404070737	1.6016016016016015	0.9009009009009009	0.40040040040040037	0.1668335001668335	0.13346680013346682	0.06673340006673341	0.0	0.0	0.0	0.0	0.0	0.0	0.0	0.0	0.0	0.0	0.0	0.0	0.0	0.0	0.0	0.0	0.0	0.0	0.0	0.0	0.0	0.0
GmC01085_CKDL210018111-1a-AK9141-7UDI246_HH72GDSX2_L1_clmp_r1r2_fastp	72.07874485473961	19.450456362226333	5.525502595000894	1.7185467994988963	0.6402195311101831	0.30448010499313966	0.14436556702260933	0.06705243691463342	0.03579311579072958	0.015987591719859213	0.01026069319334248	0.005249656982640339	0.0026248284913201695	0.00023862077193819724	0.00023862077193819724	0.00023862077193819724	0.0	0.0	0.0	0.0	0.0	0.0	0.0	0.0	0.0	0.0	0.0	0.0	0.0	0.0	0.0
GmC01086_CKDL210018111-1a-AK3905-7UDI246_HH72GDSX2_L1_clmp_r1r2_fastp	71.69510466272368	19.60240530738801	5.646660850050362	1.7778708504446876	0.6723053899666048	0.3047023858973981	0.14456039818426628	0.07687427954290431	0.0402364879480042	0.019065433870700373	0.009762420957888745	0.004862068477066159	0.002603312255436999	0.001110236108936367	0.0009571000939106612	0.0003828400375642645	0.00011485201126927935	7.656800751285289e-05	0.00019142001878213224	7.656800751285289e-05	0.0	3.8284003756426446e-05	0.0	3.8284003756426446e-05	0.0	0.0	0.0	0.0	0.0	0.0	0.0
GmC01087_CKDL210018111-1a-AK7761-7UDI246_HH72GDSX2_L1_clmp_r1r2_fastp	70.62618084724326	19.70024046343863	5.990213606483144	2.0210054182346235	0.8207376294052434	0.4084170010774011	0.21401636400543386	0.10247021532407913	0.05406523741860938	0.029374795059569355	0.017078369220679856	0.00819761722592633	0.0039036272504411095	0.001659041581437472	0.0010734974938713053	0.00029277204378308323	0.0004879534063051387	0.0	0.00029277204378308323	0.0001951813625220555	9.759068126102775e-05	0.0	0.0	0.0	0.0	0.0	0.0	0.0	0.0	0.0	0.0
GmC01089_CKDL210018111-1a-AK9142-7UDI246_HH72GDSX2_L1_clmp_r1r2_fastp	70.36918633900505	20.090704031406194	6.141451042403142	1.979948466218856	0.7506621757727965	0.32497174122194356	0.16061821692578818	0.08281613908534774	0.04283825479709373	0.024128066527506837	0.013292310011666947	0.0076052204117385575	0.0047111984851477785	0.002658462002333389	0.0014133595455443335	0.001076845368033778	0.000538422684016889	0.0003365141775105556	0.0003701655952616112	0.00013460567100422225	0.00020190850650633337	0.0	6.730283550211113e-05	0.0	0.00010095425325316668	3.3651417751055564e-05	0.0	0.0	0.0	3.3651417751055564e-05	0.00010095425325316668
GmC01090_CKDL210018111-1a-AK8410-7UDI246_HH72GDSX2_L1_clmp_r1r2_fastp	69.8259243539017	19.973429383527534	6.266696978019451	2.18616251703371	0.8952142666601839	0.42346098705503743	0.20571859588352556	0.10729430440044627	0.05440274589318402	0.02792411473985895	0.015571800454933107	0.008015863525324216	0.005124896352256466	0.0020368177810250057	0.0016425949846975852	0.0005913341944911307	0.0001971113981637102	0.0003942227963274204	0.0	6.570379938790341e-05	6.570379938790341e-05	0.0	0.0	0.0	0.0	6.570379938790341e-05	0.0	0.0	0.0	0.0	0.0
GmC01092_CKDL210018111-1a-AK7759-7UDI246_HH72GDSX2_L1_clmp_r1r2_fastp	71.77659049522708	19.6643046256428	5.635784796270831	1.7231627804454062	0.6357722721932916	0.2794873143618607	0.1388669717531955	0.07063579732034837	0.03416568352657985	0.0199884277523539	0.010269743582036465	0.004809245775002443	0.0032061638500016283	0.0015529856148445386	0.0006512520320315807	0.00030057786093765266	0.0002504815507813772	5.009631015627544e-05	5.009631015627544e-05	5.009631015627544e-05	0.0	0.0	5.009631015627544e-05	0.0	0.0	0.0	0.0	0.0	0.0	0.0	0.0
GmC01093_CKDL210018111-1a-AK6881-7UDI246_HH72GDSX2_L1_clmp_r1r2_fastp	91.53144279122816	6.9884390066877495	1.060189745450775	0.27995230442220953	0.08554098190678625	0.015552905801233865	0.023329358701850798	0.012960754834361553	0.0	0.0	0.0	0.0	0.0	0.0025921509668723106	0.0	0.0	0.0	0.0	0.0	0.0	0.0	0.0	0.0	0.0	0.0	0.0	0.0	0.0	0.0	0.0	0.0
GmC01094_CKDL210018111-1a-AK6260-7UDI246_HH72GDSX2_L1_clmp_r1r2_fastp	72.36459608323133	19.149071807425543	5.481181150550796	1.6625866993064053	0.7496940024479805	0.3161974704202366	0.12367401060791514	0.07012443900448796	0.043349653202774376	0.02294981640146879	0.006374949000407997	0.0038249694002447975	0.006374949000407997	0.0	0.0	0.0	0.0	0.0	0.0	0.0	0.0	0.0	0.0	0.0	0.0	0.0	0.0	0.0	0.0	0.0	0.0
GmC01095_CKDL210018111-1a-AK7010-7UDI246_HH72GDSX2_L1_clmp_r1r2_fastp	71.34007125718026	19.18999491020141	5.80673307641969	1.9530284301606922	0.8943503235657674	0.40718388715189413	0.19050389006035048	0.08579946193557769	0.059623354904384494	0.029084563367992436	0.01599650985239584	0.005816912673598487	0.008725369010397731	0.0029084563367992437	0.0029084563367992437	0.0029084563367992437	0.0029084563367992437	0.0014542281683996218	0.0	0.0	0.0	0.0	0.0	0.0	0.0	0.0	0.0	0.0	0.0	0.0	0.0
GmC01096_CKDL210018111-1a-5UDI312-7UDI246_HH72GDSX2_L1_clmp_r1r2_fastp	77.97893958987623	14.058747459818955	4.600036948087936	1.6996120450766674	0.775909846665435	0.36948087936449286	0.3325327914280436	0.07389617587289858	0.09237021984112322	0.018474043968224645	0.0	0.0	0.0	0.0	0.0	0.0	0.0	0.0	0.0	0.0	0.0	0.0	0.0	0.0	0.0	0.0	0.0	0.0	0.0	0.0	0.0
GmC02001_CKDL210018111-1a-5UDI298-7UDI243_HH72GDSX2_L1_clmp_r1r2_fastp	75.89016153960155	17.57881142421612	4.455783033048927	1.255054728685453	0.46577604640823156	0.1888510151800648	0.088497448817564	0.04022611309889272	0.02201850401202549	0.008468655389240572	0.005081193233544344	0.00042343276946202866	0.0008468655389240573	0.0	0.0	0.0	0.0	0.0	0.0	0.0	0.0	0.0	0.0	0.0	0.0	0.0	0.0	0.0	0.0	0.0	0.0
GmC02002_CKDL210018111-1a-AK9142-AK33_HH72GDSX2_L1_clmp_r1r2_fastp	78.35291911222501	16.034337983623818	3.8741054264755403	1.0741275910131325	0.36486238805842913	0.16367658529723925	0.06564113056191365	0.03750921746395066	0.020033332054610012	0.008098581043352983	0.0025574466452693632	0.0008524822150897877	0.00042624110754489384	0.00042624110754489384	0.00042624110754489384	0.0	0.0	0.0	0.0	0.0	0.0	0.0	0.0	0.0	0.0	0.0	0.0	0.0	0.0	0.0	0.0
GmC02006_CKDL210018111-1a-AK6260-AK8544_HH72GDSX2_L1_clmp_r1r2_fastp	69.28649399622904	19.32122655552248	6.787734444775231	2.341966855214846	1.0717475439118784	0.6053388905428203	0.23816612086930636	0.17862459065197975	0.09923588369554431	0.019847176739108862	0.029770765108663295	0.0	0.0	0.019847176739108862	0.0	0.0	0.0	0.0	0.0	0.0	0.0	0.0	0.0	0.0	0.0	0.0	0.0	0.0	0.0	0.0	0.0
GmC02007_CKDL210018111-1a-AK7010-AK892_HH72GDSX2_L1_clmp_r1r2_fastp	93.32023575638507	5.762933857236411	0.7203667321545514	0.19646365422396855	0.0	0.0	0.0	0.0	0.0	0.0	0.0	0.0	0.0	0.0	0.0	0.0	0.0	0.0	0.0	0.0	0.0	0.0	0.0	0.0	0.0	0.0	0.0	0.0	0.0	0.0	0.0
GmC02008_CKDL210018111-1a-AK7759-7UDI243_HH72GDSX2_L1_clmp_r1r2_fastp	79.00280418576021	14.342384241843922	4.0352917037138365	1.5115245195267082	0.5266397647219753	0.3146159633404008	0.14362902674235686	0.054715819711374056	0.013678954927843514	0.03419738731960879	0.02051843239176527	0.0	0.0	0.0	0.0	0.0	0.0	0.0	0.0	0.0	0.0	0.0	0.0	0.0	0.0	0.0	0.0	0.0	0.0	0.0	0.0
GmC02011_CKDL210018111-1a-AK9142-7UDI298_HH72GDSX2_L1_clmp_r1r2_fastp	76.19244999267781	17.575684315049507	4.3049043385024515	1.1864151141842834	0.4166531239489177	0.17332244072763286	0.0802702749092577	0.036665767065011255	0.019026757610429147	0.008070851116899888	0.003980646025982298	0.0012416694025999826	0.0006573543896117555	0.00025563781818234936	0.000182598441558821	0.00010955906493529258	3.6519688311764194e-05	0.0	0.0	0.0	0.0	3.6519688311764194e-05	0.0	0.0	0.0	0.0	0.0	0.0	3.6519688311764194e-05	0.0	0.0
GmC02012_CKDL210018111-1a-AK6260-AK9148_HH72GDSX2_L1_clmp_r1r2_fastp	72.86798541803621	19.141815574015418	4.99611546046734	1.733102253032929	0.6334787545568636	0.34662045060658575	0.14940536664076975	0.06573836132193868	0.03585728799378474	0.01792864399689237	0.0	0.01195242933126158	0.0	0.0	0.0	0.0	0.0	0.0	0.0	0.0	0.0	0.0	0.0	0.0	0.0	0.0	0.0	0.0	0.0	0.0	0.0
GmC02013_CKDL210018111-1a-AK6881-AK9148_HH72GDSX2_L1_clmp_r1r2_fastp	76.97485621214435	16.241665394207764	4.337812388659847	1.4060670840331857	0.5458848679187662	0.25194686211635364	0.12215605435944418	0.06107802717972209	0.035628849188171226	0.007634753397465261	0.01017967119662035	0.0038173766987326307	0.0	0.0012724588995775437	0.0	0.0	0.0	0.0	0.0	0.0	0.0	0.0	0.0	0.0	0.0	0.0	0.0	0.0	0.0	0.0	0.0
GmC02014_CKDL210018111-1a-AK9142-AK892_HH72GDSX2_L1_clmp_r1r2_fastp	78.25327633923227	16.13205354816448	3.853439716062337	1.066878868756294	0.38168207713921537	0.16337683006697043	0.0830968359823384	0.03661894467018303	0.014788419962958528	0.0056336837954127725	0.0028168418977063863	0.00211263142327979	0.00211263142327979	0.0014084209488531931	0.0007042104744265966	0.0	0.0	0.0	0.0	0.0	0.0	0.0	0.0	0.0	0.0	0.0	0.0	0.0	0.0	0.0	0.0
GmC02015_CKDL210018111-1a-5UDI312-AK33_HH72GDSX2_L1_clmp_r1r2_fastp	75.21042084168337	17.81813627254509	4.591683366733467	1.435370741482966	0.501002004008016	0.20541082164328658	0.11773547094188377	0.05260521042084168	0.04008016032064128	0.0125250501002004	0.01002004008016032	0.00501002004008016	0.0	0.0	0.0	0.0	0.0	0.0	0.0	0.0	0.0	0.0	0.0	0.0	0.0	0.0	0.0	0.0	0.0	0.0	0.0
GmC02016_CKDL210018111-1a-AK9142-AK4997_HH72GDSX2_L1_clmp_r1r2_fastp	92.98675275520426	5.933429811866859	0.8794389402204164	0.12245352332183011	0.044528553935210956	0.022264276967605478	0.011132138483802739	0.0	0.0	0.0	0.0	0.0	0.0	0.0	0.0	0.0	0.0	0.0	0.0	0.0	0.0	0.0	0.0	0.0	0.0	0.0	0.0	0.0	0.0	0.0	0.0
GmC02017_CKDL210018111-1a-AK9142-7UDI243_HH72GDSX2_L1_clmp_r1r2_fastp	81.96814132568323	13.370073984599124	3.1424581005586596	0.871961346821682	0.3585988222859731	0.15853842669485127	0.08304393779254114	0.026423071115808546	0.013211535557904273	0.00566208666767326	0.0	0.0018873622225577533	0.0	0.0	0.0	0.0	0.0	0.0	0.0	0.0	0.0	0.0	0.0	0.0	0.0	0.0	0.0	0.0	0.0	0.0	0.0
GmC02018_CKDL210018111-1a-AK9142-AK9148_HH72GDSX2_L1_clmp_r1r2_fastp	74.00764123369963	18.550723938107456	4.944259541284625	1.5034839295152909	0.5461816760030025	0.23628451648561177	0.11164986448033093	0.05391824410917841	0.023942210454926133	0.010378175902840965	0.005889011442542315	0.0031858586492442033	0.001061952883081401	0.00043443527035148225	0.0004827058559460914	0.000337894099162264	9.654117118921829e-05	0.0	0.0	0.0	4.8270585594609144e-05	0.0	0.0	0.0	0.0	0.0	0.0	0.0	0.0	0.0	0.0
GmC02019_CKDL210018111-1a-AK7761-AK9148_HH72GDSX2_L1_clmp_r1r2_fastp	73.93903787669339	18.077826928393698	5.059441526126625	1.6277301631186065	0.7015482444014376	0.33867846281448716	0.13478020458943876	0.0552944429084877	0.024191318772463367	0.020735416090682884	0.006911805363560963	0.006911805363560963	0.0034559026817804813	0.0	0.0	0.0	0.0	0.0034559026817804813	0.0	0.0	0.0	0.0	0.0	0.0	0.0	0.0	0.0	0.0	0.0	0.0	0.0
GmC02020_CKDL210018111-1a-AK6881-AK33_HH72GDSX2_L1_clmp_r1r2_fastp	74.28296823554041	18.148672787730323	4.919100274333131	1.5424101620169601	0.6003246320700597	0.25842779111530423	0.12955375325243815	0.06185410045105914	0.02936370482951379	0.01318647855769832	0.008292527752779355	0.0028548046362027292	0.0010875446233153253	0.0009516015454009097	0.0006797153895720784	0.00027188615582883133	0.0	0.0	0.0	0.0	0.0	0.0	0.0	0.0	0.0	0.0	0.0	0.0	0.0	0.0	0.0
GmC02021_CKDL210018111-1a-AK6260-7UDI227_HH72GDSX2_L1_clmp_r1r2_fastp	88.27586206896552	11.03448275862069	0.6896551724137931	0.0	0.0	0.0	0.0	0.0	0.0	0.0	0.0	0.0	0.0	0.0	0.0	0.0	0.0	0.0	0.0	0.0	0.0	0.0	0.0	0.0	0.0	0.0	0.0	0.0	0.0	0.0	0.0
GmC02022_CKDL210018111-1a-AK3905-7UDI227_HH72GDSX2_L1_clmp_r1r2_fastp	73.40546162494887	18.762970794002722	5.151456394494388	1.569684466701244	0.5983437122523773	0.2612486630961084	0.12545142987909114	0.0635136403593214	0.028707891381397697	0.016649206696132793	0.009660650798990632	0.0036313084563581815	0.0013017898239774614	0.0010277288084032587	0.00027406101557420233	0.00027406101557420233	6.851525389355058e-05	0.0	0.00013703050778710117	6.851525389355058e-05	0.0	0.0	0.0	0.0	0.0	0.0	0.0	6.851525389355058e-05	0.0	0.0	0.0
GmC02023_CKDL210018111-1a-AK6881-AK4997_HH72GDSX2_L1_clmp_r1r2_fastp	83.42870767763472	11.572087108567795	3.0440311556191384	0.9298998569384835	0.5484024797329518	0.2145922746781116	0.09537434430138292	0.07947862025115243	0.04768717215069146	0.007947862025115245	0.02384358607534573	0.0	0.0	0.007947862025115245	0.0	0.0	0.0	0.0	0.0	0.0	0.0	0.0	0.0	0.0	0.0	0.0	0.0	0.0	0.0	0.0	0.0
GmC02024_CKDL210018111-1a-AK6260-AK4997_HH72GDSX2_L1_clmp_r1r2_fastp	92.85714285714286	6.25	0.0	0.8928571428571428	0.0	0.0	0.0	0.0	0.0	0.0	0.0	0.0	0.0	0.0	0.0	0.0	0.0	0.0	0.0	0.0	0.0	0.0	0.0	0.0	0.0	0.0	0.0	0.0	0.0	0.0	0.0
GmC02025_CKDL210018111-1a-AK7010-7UDI243_HH72GDSX2_L1_clmp_r1r2_fastp	72.7881640098247	19.09908676073974	5.340824263147756	1.628720381429397	0.6141940377576575	0.27338482469659026	0.1319140098246966	0.06584412926218455	0.02942291947601618	0.015351088422269312	0.007073540743594683	0.0037625216721248315	0.0014297582354074359	0.00045150260065497975	0.0003010017337699865	7.525043344249663e-05	0.0	0.0	0.0	0.0	0.0	0.0	0.0	0.0	0.0	0.0	0.0	0.0	0.0	0.0	0.0
GmC02026_CKDL210018111-1a-AK9141-AK4997_HH72GDSX2_L1_clmp_r1r2_fastp	75.2058758068106	17.760961495659917	4.5626530158023595	1.4578232806588025	0.6120632094369018	0.17805475183618963	0.12241264188738038	0.055642109948809255	0.022256843979523704	0.0	0.011128421989761852	0.011128421989761852	0.0	0.0	0.0	0.0	0.0	0.0	0.0	0.0	0.0	0.0	0.0	0.0	0.0	0.0	0.0	0.0	0.0	0.0	0.0
GmC02027_CKDL210018111-1a-AK7010-AK8544_HH72GDSX2_L1_clmp_r1r2_fastp	71.77479492915735	18.583146905294555	5.913497390007457	1.8791946308724832	0.8575689783743475	0.41014168530947054	0.2833706189410887	0.0894854586129754	0.09694258016405667	0.0447427293064877	0.05219985085756898	0.014914243102162566	0.0	0.0	0.0	0.0	0.0	0.0	0.0	0.0	0.0	0.0	0.0	0.0	0.0	0.0	0.0	0.0	0.0	0.0	0.0
GmC02029_CKDL210018111-1a-5UDI298-AK892_HH72GDSX2_L1_clmp_r1r2_fastp	76.06121859659255	17.282702858792952	4.5264221773029165	1.3283280392723074	0.44036962171527577	0.21657522379439792	0.08663008951775916	0.036095870632399656	0.007219174126479931	0.007219174126479931	0.007219174126479931	0.0	0.0	0.0	0.0	0.0	0.0	0.0	0.0	0.0	0.0	0.0	0.0	0.0	0.0	0.0	0.0	0.0	0.0	0.0	0.0
GmC02031_CKDL210018111-1a-AK9141-7UDI227_HH72GDSX2_L1_clmp_r1r2_fastp	71.85207023781498	19.581178096116062	5.603360079909706	1.7233830495497378	0.6662075672202995	0.2959211287685941	0.14169011667433054	0.06798485411858407	0.03366240349560958	0.016721193893243978	0.00880062836486525	0.0050603613097975194	0.0015401099638514188	0.0011000785456081563	0.0004400314182432625	0.0004400314182432625	0.00022001570912163126	0.0	0.00022001570912163126	0.0	0.0	0.0	0.0	0.0	0.0	0.0	0.0	0.0	0.0	0.0	0.0
GmC02033_CKDL210018111-1a-AK6881-7UDI227_HH72GDSX2_L1_clmp_r1r2_fastp	78.69196701282834	15.18784361637141	3.852321319486866	1.1606597434331094	0.6452351863164325	0.20998778252901648	0.13362858888210138	0.057269395235186316	0.03817959682345755	0.007635919364691509	0.0038179596823457547	0.0038179596823457547	0.0038179596823457547	0.0038179596823457547	0.0	0.0	0.0	0.0	0.0	0.0	0.0	0.0	0.0	0.0	0.0	0.0	0.0	0.0	0.0	0.0	0.0
GmC02034_CKDL210018111-1a-AK8410-7UDI227_HH72GDSX2_L1_clmp_r1r2_fastp	73.23394548797802	18.2389497940088	5.3592626213253265	1.7759467448734956	0.7494821125154203	0.33284454065125807	0.14663780462258222	0.07564648651164955	0.038405139305914396	0.023275842003584478	0.010474128901613016	0.008146544701254569	0.0058189605008961195	0.001163792100179224	0.0	0.0	0.0	0.0	0.0	0.0	0.0	0.0	0.0	0.0	0.0	0.0	0.0	0.0	0.0	0.0	0.0
GmC02035_CKDL210018111-1a-AK6881-AK892_HH72GDSX2_L1_clmp_r1r2_fastp	73.95501089785985	18.681358958236274	4.946960490778358	1.449464229281849	0.5251823640373884	0.22968583538856002	0.1088971496150726	0.05343046383506928	0.025900743139561023	0.012543127180793704	0.0064344613459915755	0.0028914351618063404	0.0008959376557709788	0.000855213216872298	0.00024434663339208514	0.0001628977555947234	4.072443889868085e-05	0.0	0.0	0.0	4.072443889868085e-05	0.0	0.0	0.0	0.0	0.0	0.0	0.0	0.0	0.0	0.0
GmC02036_CKDL210018111-1a-AK9141-AK9148_HH72GDSX2_L1_clmp_r1r2_fastp	74.12494963168879	18.250759486220588	4.992461731402209	1.4985987422636537	0.6017032412291226	0.26214159267995635	0.14487963671431092	0.058404603550456596	0.031239671666523295	0.0167517079950922	0.01086597275357332	0.0036219909178577736	0.0018109954589288868	0.0009054977294644434	0.0009054977294644434	0.0	0.0	0.0	0.0	0.0	0.0	0.0	0.0	0.0	0.0	0.0	0.0	0.0	0.0	0.0	0.0
GmC02038_CKDL210018111-1a-AK7759-7UDI227_HH72GDSX2_L1_clmp_r1r2_fastp	72.10845571467665	18.366323086746327	5.555048800510809	2.1048070783544652	0.9281218644531606	0.43327556325823224	0.25084374714950286	0.10945908966523761	0.07297272644349174	0.041047158624464106	0.011401988506795585	0.006841193104077351	0.006841193104077351	0.0	0.0	0.004560795402718234	0.0	0.0	0.0	0.0	0.0	0.0	0.0	0.0	0.0	0.0	0.0	0.0	0.0	0.0	0.0
GmC02039_CKDL210018111-1a-5UDI312-7UDI243_HH72GDSX2_L1_clmp_r1r2_fastp	74.25848295499485	18.520129716048405	4.864351815233727	1.4118484536897888	0.4785256663766511	0.24124021197500595	0.08700466661393656	0.07118563632049354	0.03954757573360753	0.011864272720082258	0.007909515146721505	0.007909515146721505	0.0	0.0	0.0	0.0	0.0	0.0	0.0	0.0	0.0	0.0	0.0	0.0	0.0	0.0	0.0	0.0	0.0	0.0	0.0
GmC02041_CKDL210018111-1a-AK6881-7UDI243_HH72GDSX2_L1_clmp_r1r2_fastp	83.19901608570412	11.949380198724795	3.155646179240703	0.9612583745994756	0.3722044211412111	0.1909570508463605	0.09062368514742532	0.03236560183836618	0.03236560183836618	0.009709680551509855	0.0032365601838366185	0.0032365601838366185	0.0	0.0	0.0	0.0	0.0	0.0	0.0	0.0	0.0	0.0	0.0	0.0	0.0	0.0	0.0	0.0	0.0	0.0	0.0
GmC02043_CKDL210018111-1a-5UDI298-AK4997_HH72GDSX2_L1_clmp_r1r2_fastp	76.76067190630297	16.859300354445985	4.2995839112343965	1.248266296809986	0.4314994606256742	0.2157497303128371	0.10787486515641855	0.03082139004469102	0.03082139004469102	0.0	0.0	0.01541069502234551	0.0	0.0	0.0	0.0	0.0	0.0	0.0	0.0	0.0	0.0	0.0	0.0	0.0	0.0	0.0	0.0	0.0	0.0	0.0
GmC02044_CKDL210018111-1a-AK3905-7UDI243_HH72GDSX2_L1_clmp_r1r2_fastp	74.30024087808198	18.332960487117976	4.917983546049945	1.463066481543664	0.5389159544855642	0.23401890711377127	0.11010544748494681	0.05464924286813931	0.024836489375676108	0.012463075896097398	0.005334913782861835	0.0027347037038199327	0.0012552738312616085	0.0008069617486681769	0.0004034808743340884	0.00013449362477802946	0.0	4.483120825934316e-05	0.0	4.483120825934316e-05	0.0	0.0	0.0	0.0	0.0	0.0	0.0	0.0	0.0	0.0	0.0
GmC02048_CKDL210018111-1a-AK7759-AK9148_HH72GDSX2_L1_clmp_r1r2_fastp	74.68949574893233	16.941582102417428	5.085609058496258	1.708263135211378	0.7444265956196372	0.37613133252360614	0.19590173568937824	0.13713121498256475	0.08227872898953885	0.01567213885515026	0.019590173568937823	0.003918034713787565	0.0	0.0	0.0	0.0	0.0	0.0	0.0	0.0	0.0	0.0	0.0	0.0	0.0	0.0	0.0	0.0	0.0	0.0	0.0
GmC02049_CKDL210018111-1a-AK8410-AK892_HH72GDSX2_L1_clmp_r1r2_fastp	73.8058970992002	18.01360869046198	5.12832756356691	1.7046675420795034	0.6923719708726274	0.33186104810791456	0.16234928972185747	0.07974215112808881	0.037722334964784526	0.02387489554733198	0.007639966575146234	0.006207472842306315	0.0033424853766264775	0.001432493732839919	0.00047749791094663964	0.0	0.0	0.0	0.0	0.0	0.0	0.00047749791094663964	0.0	0.0	0.0	0.0	0.0	0.0	0.0	0.0	0.0
GmC02050_CKDL210018111-1a-AK3905-AK9148_HH72GDSX2_L1_clmp_r1r2_fastp	73.40565025628798	18.56725644125811	5.194727789792756	1.607547298332851	0.6334826218006573	0.2984350254585086	0.138787187303101	0.08727415152495614	0.03490966060998246	0.019157740578648913	0.005960185957801883	0.004257275684144202	0.0008514551368288405	0.0008514551368288405	0.0008514551368288405	0.0	0.0	0.0	0.0	0.0	0.0	0.0	0.0	0.0	0.0	0.0	0.0	0.0	0.0	0.0	0.0
GmC02052_CKDL210018111-1a-AK6881-7UDI298_HH72GDSX2_L1_clmp_r1r2_fastp	74.94389310049027	17.944932246298478	4.702657842063786	1.413447523136686	0.5345672899216806	0.23377293617970946	0.11828129467803916	0.05676944213910606	0.02678067049314094	0.012623180623069037	0.006764908952694456	0.0027199118469596268	0.00174353323523053	0.0004881893058645484	0.0002789653176368848	0.0002092239882276636	6.97413294092212e-05	0.0	0.0	0.0	0.0	0.0	0.0	0.0	0.0	0.0	0.0	0.0	0.0	0.0	0.0
GmC02054_CKDL210018111-1a-AK3905-AK8544_HH72GDSX2_L1_clmp_r1r2_fastp	84.27192276749798	11.310002681684098	2.949852507374631	0.8782515419683562	0.2882810404934299	0.16760525610083132	0.06704210244033253	0.04692947170823277	0.0	0.006704210244033253	0.006704210244033253	0.0	0.006704210244033253	0.0	0.0	0.0	0.0	0.0	0.0	0.0	0.0	0.0	0.0	0.0	0.0	0.0	0.0	0.0	0.0	0.0	0.0
GmC02056_CKDL210018111-1a-AK8410-AK4997_HH72GDSX2_L1_clmp_r1r2_fastp	73.38239184518918	18.726429962513087	5.161697492992311	1.6176081548108208	0.595723902691628	0.2751010345487499	0.12467494455764315	0.061985680674539294	0.027299028492305616	0.013719872567009263	0.0073876236899280655	0.002814332834258311	0.0013368080962726976	0.0004925082459952044	0.0002814332834258311	0.0004925082459952044	7.035832085645777e-05	0.00014071664171291554	0.0002110749625693733	7.035832085645777e-05	0.0	0.0	7.035832085645777e-05	0.0	0.0	0.0	0.0	0.0	0.0	0.0	0.0
GmC02057_CKDL210018111-1a-AK7010-7UDI227_HH72GDSX2_L1_clmp_r1r2_fastp	92.32927970065482	6.548175865294668	0.6548175865294669	0.18709073900841908	0.09354536950420954	0.0	0.18709073900841908	0.0	0.0	0.0	0.0	0.0	0.0	0.0	0.0	0.0	0.0	0.0	0.0	0.0	0.0	0.0	0.0	0.0	0.0	0.0	0.0	0.0	0.0	0.0	0.0
GmC02059_CKDL210018111-1a-AK8410-AK8544_HH72GDSX2_L1_clmp_r1r2_fastp	72.15346712744066	19.169076944865406	5.495055616270078	1.7969731601416856	0.7161536731276512	0.3280856294404595	0.1666178173520339	0.08505082222106095	0.0444566630843836	0.02173605162728806	0.010905893499405857	0.0058316236073211875	0.003332356347040678	0.0015147074304730356	0.0006058829721892143	0.0003786768576182589	0.0003786768576182589	0.00030294148609460715	0.0	0.0	7.573537152365179e-05	0.0	0.0	0.0	0.0	0.0	0.0	0.0	0.0	0.0	0.0
GmC02063_CKDL210018111-1a-AK6881-AK8544_HH72GDSX2_L1_clmp_r1r2_fastp	72.5506226709211	18.949611696900895	5.4115607962588355	1.7464685207419415	0.6794330946051798	0.32710273096909925	0.1610208159114728	0.08494860259159422	0.04492698780508695	0.022736014625797902	0.010589376675029159	0.006151182039171351	0.0017908504671005196	0.0010122198292307285	0.0012458090205916658	0.00038931531893489563	0.00023358919136093735	7.786306378697911e-05	0.0	7.786306378697911e-05	0.0	0.0	0.0	0.0	0.0	0.0	0.0	0.0	0.0	0.0	0.0
GmC02064_CKDL210018111-1a-AK6260-7UDI298_HH72GDSX2_L1_clmp_r1r2_fastp	73.84792626728111	17.223502304147466	5.241935483870968	2.3041474654377883	0.6912442396313364	0.4608294930875576	0.1728110599078341	0.0	0.0576036866359447	0.0	0.0	0.0	0.0	0.0	0.0	0.0	0.0	0.0	0.0	0.0	0.0	0.0	0.0	0.0	0.0	0.0	0.0	0.0	0.0	0.0	0.0
GmC02066_CKDL210018111-1a-AK3905-AK4997_HH72GDSX2_L1_clmp_r1r2_fastp	84.02923911839628	11.562742274892015	2.702403366928785	0.9524864326060472	0.36548897995348323	0.2768855908738509	0.05537711817477019	0.044301694539816146	0.011075423634954036	0.0	0.0	0.0	0.0	0.0	0.0	0.0	0.0	0.0	0.0	0.0	0.0	0.0	0.0	0.0	0.0	0.0	0.0	0.0	0.0	0.0	0.0
GmC02068_CKDL210018111-1a-AK7759-AK8544_HH72GDSX2_L1_clmp_r1r2_fastp	71.86807621700324	18.085712477052603	5.899854402734697	2.038361714249541	1.025511173007533	0.5095904285623852	0.25004747736912075	0.1645882129518263	0.07279863265176932	0.041147053237956574	0.028486421472431474	0.0126606317655251	0.0	0.0	0.003165157941381275	0.0	0.0	0.0	0.0	0.0	0.0	0.0	0.0	0.0	0.0	0.0	0.0	0.0	0.0	0.0	0.0
GmC02069_CKDL210018111-1a-AK8410-7UDI298_HH72GDSX2_L1_clmp_r1r2_fastp	79.09608382762687	15.391189894189845	3.670022734654108	1.051264080955881	0.4205056323823524	0.1982872087656621	0.09059674193603529	0.03931556725526059	0.02222184236166903	0.008546862446795781	0.005128117468077469	0.005128117468077469	0.0	0.001709372489359156	0.0	0.0	0.0	0.0	0.0	0.0	0.0	0.0	0.0	0.0	0.0	0.0	0.0	0.0	0.0	0.0	0.0
GmC02072_CKDL210018111-1a-AK8410-AK9148_HH72GDSX2_L1_clmp_r1r2_fastp	76.38646427417878	17.23346013609775	4.302296754716591	1.2468614859419813	0.45782335514030187	0.20318217330487875	0.08790104853393609	0.042591229702010264	0.019742135348196247	0.010939084832279232	0.00394842706963925	0.00207130600374518	0.0015534795028088852	0.0004530981883192581	0.0003236415630851844	6.472831261703688e-05	6.472831261703688e-05	0.0	0.00012945662523407376	0.0	0.0	0.0	6.472831261703688e-05	0.0	6.472831261703688e-05	0.0	0.0	0.0	0.0	0.0	0.0
GmC02075_CKDL210018111-1a-AK9142-7UDI227_HH72GDSX2_L1_clmp_r1r2_fastp	91.31395246089953	7.183882654413713	1.1222055315012813	0.24741539277193603	0.08836264027569143	0.02650879208270743	0.008836264027569145	0.0	0.0	0.008836264027569145	0.0	0.0	0.0	0.0	0.0	0.0	0.0	0.0	0.0	0.0	0.0	0.0	0.0	0.0	0.0	0.0	0.0	0.0	0.0	0.0	0.0
GmC02077_CKDL210018111-1a-AK7761-7UDI298_HH72GDSX2_L1_clmp_r1r2_fastp	77.38875607310865	15.963599907457393	4.4189095396005245	1.2416133261355748	0.524408112901982	0.20822086835813988	0.10025449217243773	0.0771188401326444	0.03084753605305776	0.01542376802652888	0.01542376802652888	0.01542376802652888	0.0	0.0	0.0	0.0	0.0	0.0	0.0	0.0	0.0	0.0	0.0	0.0	0.0	0.0	0.0	0.0	0.0	0.0	0.0
GmC02080_CKDL210018111-1a-AK9141-AK8544_HH72GDSX2_L1_clmp_r1r2_fastp	90.45819555975437	7.652338214454417	1.0392064241851677	0.4251299008030231	0.23618327822390173	0.14170996693434107	0.04723665564478035	0.0	0.0	0.0	0.0	0.0	0.0	0.0	0.0	0.0	0.0	0.0	0.0	0.0	0.0	0.0	0.0	0.0	0.0	0.0	0.0	0.0	0.0	0.0	0.0
GmC02082_CKDL210018111-1a-AK3905-AK892_HH72GDSX2_L1_clmp_r1r2_fastp	74.66705425104702	17.628629566228483	4.923398253717042	1.6246245276315365	0.6190583852804066	0.25623634034215087	0.14103764951605785	0.06675064328240905	0.025838958689964796	0.02045584229622213	0.016149349181227998	0.006459739672491199	0.0	0.002153246557497066	0.001076623278748533	0.0	0.001076623278748533	0.0	0.0	0.0	0.0	0.0	0.0	0.0	0.0	0.0	0.0	0.0	0.0	0.0	0.0
GmC02083_CKDL210018111-1a-AK3905-AK33_HH72GDSX2_L1_clmp_r1r2_fastp	73.95844464856097	18.553944929306983	5.0177249875069565	1.472974567314493	0.5420343801134226	0.23651847765860912	0.11464567629521508	0.05312245776610181	0.02792017547706747	0.01105688365131654	0.006424111171714638	0.0025325822888490404	0.0016060277929286595	0.0005559326975522283	0.0001853108991840761	0.0001853108991840761	6.177029972802537e-05	0.0	6.177029972802537e-05	0.0	0.0	0.0	0.0	0.0	0.0	0.0	0.0	0.0	0.0	0.0	0.0
GmC02086_CKDL210018111-1a-AK7759-AK33_HH72GDSX2_L1_clmp_r1r2_fastp	72.33102526080165	19.100438989296883	5.569246128773958	1.742009367062589	0.668309535452875	0.30165691072152584	0.14410865521552488	0.0709814183408757	0.03602716380388122	0.017335954996538457	0.010107934672248806	0.004122230341196441	0.0017505361722888993	0.0014117227195878223	0.00045175127026810306	0.00045175127026810306	0.00011293781756702576	0.00022587563513405153	0.00011293781756702576	0.0	0.0	0.00011293781756702576	0.0	0.0	0.0	0.0	0.0	0.0	0.0	0.0	0.0
GmC02087_CKDL210018111-1a-AK8410-AK33_HH72GDSX2_L1_clmp_r1r2_fastp	74.67423838768308	18.300934574030755	4.750871887422871	1.3869179477152767	0.48710780567110223	0.21461844255298396	0.09693379194660003	0.047206136632416726	0.022114958930247765	0.010086074727066272	0.004671010017042986	0.0020254822197797017	0.001116082039470448	0.0006200455774835823	0.00012400911549671645	0.00016534548732895525	0.00012400911549671645	0.00012400911549671645	0.0	0.0	0.0	0.0	0.0	0.0	0.0	0.0	0.0	0.0	0.0	0.0	0.0
GmC02092_CKDL210018111-1a-AK9141-AK892_HH72GDSX2_L1_clmp_r1r2_fastp	73.8028558586592	18.509490716730628	4.928603533520036	1.5748712097638558	0.611969712685406	0.2921550323272136	0.15212806417038344	0.05359056806002144	0.03803201604259586	0.022473464025170278	0.006914912007744702	0.0	0.003457456003872351	0.0017287280019361755	0.0	0.0017287280019361755	0.0	0.0	0.0	0.0	0.0	0.0	0.0	0.0	0.0	0.0	0.0	0.0	0.0	0.0	0.0
GmC02095_CKDL210018111-1a-AK7761-7UDI227_HH72GDSX2_L1_clmp_r1r2_fastp	71.19473340548663	19.450978989078614	5.834578126816877	1.9633449315289047	0.793388134062022	0.3801465129383984	0.18694263812735354	0.10286317408921368	0.04114526963568547	0.026833871501534004	0.008944623833844667	0.004472311916922334	0.006261236683691267	0.0017889247667689336	0.0017889247667689336	0.0008944623833844668	0.0008944623833844668	0.0	0.0	0.0	0.0	0.0	0.0	0.0	0.0	0.0	0.0	0.0	0.0	0.0	0.0
