Sample	Bacteria_24k	Protists_1k	Human	Fungi_RefSeq_release	Bird	Viruses	Plant	Coral	Vectors	Ecoli	Contamnts_Adaptrs	Multiple Genomes	No hits
GmA01001_CKDL210018111-1a-5UDI301-AK533_HH72GDSX2_L1_clmp_fp2_r1_screen	43765.0	19930.0	197431.0	1600.0	531.0	545.0	163.0	70.0	1.0	0.0	0.0	146848.0	1309015.0
GmA01001_CKDL210018111-1a-5UDI301-AK533_HH72GDSX2_L1_clmp_fp2_r2_screen	43482.0	19874.0	197451.0	1523.0	511.0	570.0	143.0	75.0	2.0	0.0	0.0	145018.0	1311250.0
GmA01002_CKDL210018111-1a-5UDI301-AK8488_HH72GDSX2_L1_clmp_fp2_r1_screen	48734.0	18783.0	33247.0	1422.0	583.0	434.0	178.0	110.0	2.0	0.0	0.0	104249.0	1219054.0
GmA01002_CKDL210018111-1a-5UDI301-AK8488_HH72GDSX2_L1_clmp_fp2_r2_screen	48421.0	18600.0	33512.0	1326.0	606.0	446.0	167.0	91.0	3.0	0.0	0.0	103571.0	1220053.0
GmA01003_CKDL210018111-1a-5UDI301-AK4236_HH72GDSX2_L1_clmp_fp2_r1_screen	0.0	0.0	108202.0	7262.0	1268.0	1095.0	685.0	305.0	9.0	24.0	1.0	101027.0	1577972.0
GmA01003_CKDL210018111-1a-5UDI301-AK4236_HH72GDSX2_L1_clmp_fp2_r2_screen	45981.0	24619.0	79937.0	1937.0	886.0	631.0	281.0	135.0	3.0	0.0	0.0	155180.0	1488260.0
GmA01004_CKDL210018111-1a-AK7078-AK4234_HH72GDSX2_L1_clmp_fp2_r1_screen	948664.0	86633.0	10426.0	5280.0	2803.0	888.0	1137.0	660.0	13.0	0.0	0.0	421556.0	5231245.0
GmA01004_CKDL210018111-1a-AK7078-AK4234_HH72GDSX2_L1_clmp_fp2_r2_screen	941806.0	87420.0	10247.0	5243.0	2685.0	900.0	1193.0	593.0	6.0	0.0	0.0	418574.0	5240638.0
GmA01010_CKDL210018111-1a-AK7758-AK4234_HH72GDSX2_L1_clmp_fp2_r1_screen	52802.0	43237.0	54217.0	4076.0	1929.0	541.0	537.0	263.0	7.0	0.0	1.0	225848.0	2910851.0
GmA01010_CKDL210018111-1a-AK7758-AK4234_HH72GDSX2_L1_clmp_fp2_r2_screen	52304.0	44058.0	54290.0	4084.0	1888.0	579.0	475.0	270.0	6.0	0.0	0.0	225833.0	2910522.0
GmA01011_CKDL210018111-1a-AK7758-GD06_HH72GDSX2_L1_clmp_fp2_r1_screen	37051.0	97694.0	53130.0	6416.0	3150.0	949.0	1316.0	619.0	9.0	0.0	0.0	533219.0	5010792.0
GmA01011_CKDL210018111-1a-AK7758-GD06_HH72GDSX2_L1_clmp_fp2_r2_screen	36815.0	99058.0	52954.0	6671.0	3176.0	1002.0	1306.0	622.0	13.0	0.0	0.0	534234.0	5008494.0
GmA01013_CKDL210018111-1a-5UDI301-AK7557_HH72GDSX2_L1_clmp_fp2_r1_screen	62632.0	41629.0	69943.0	3709.0	1801.0	723.0	440.0	251.0	12.0	0.0	0.0	230573.0	2935547.0
GmA01014_CKDL210018111-1a-5UDI301-GC06_HH72GDSX2_L1_clmp_fp2_r1_screen	27054.0	76427.0	26138.0	5369.0	2591.0	584.0	1112.0	601.0	12.0	0.0	0.0	316139.0	5360634.0
GmA01014_CKDL210018111-1a-5UDI301-GC06_HH72GDSX2_L1_clmp_fp2_r2_screen	26862.0	77097.0	26198.0	5366.0	2471.0	575.0	1079.0	686.0	9.0	0.0	0.0	315684.0	5360634.0
GmA01015_CKDL210018111-1a-5UDI301-AK10343_HH72GDSX2_L1_clmp_fp2_r1_screen	73568.0	20147.0	10957.0	1849.0	220.0	1017.0	107.0	28.0	4.0	0.0	0.0	53423.0	2110790.0
GmA01015_CKDL210018111-1a-5UDI301-AK10343_HH72GDSX2_L1_clmp_fp2_r2_screen	73059.0	20000.0	10923.0	1892.0	229.0	1071.0	116.0	39.0	1.0	0.0	0.0	53081.0	2111699.0
GmA01016_CKDL210018111-1a-5UDI301-AK4234_HH72GDSX2_L1_clmp_fp2_r1_screen	22796.0	67356.0	44399.0	5116.0	2524.0	906.0	1041.0	787.0	14.0	0.0	0.0	387470.0	9825738.0
GmA01016_CKDL210018111-1a-5UDI301-AK4234_HH72GDSX2_L1_clmp_fp2_r2_screen	22724.0	68371.0	44489.0	5019.0	2522.0	860.0	990.0	767.0	10.0	0.0	0.0	385621.0	9826774.0
GmA01017_CKDL210018111-1a-AK7078-GD06_HH72GDSX2_L1_clmp_fp2_r1_screen	1187392.0	93700.0	21713.0	5273.0	2404.0	2043.0	1048.0	517.0	10.0	0.0	1.0	465453.0	4772556.0
GmA01017_CKDL210018111-1a-AK7078-GD06_HH72GDSX2_L1_clmp_fp2_r2_screen	1176272.0	94123.0	21751.0	5215.0	2310.0	2121.0	1090.0	565.0	7.0	0.0	0.0	461685.0	4786971.0
GmA01018_CKDL210018111-1a-AK7758-AK7557_HH72GDSX2_L1_clmp_fp2_r1_screen	67967.0	49923.0	134260.0	3485.0	1092.0	1444.0	435.0	226.0	2.0	0.0	0.0	187582.0	2992840.0
GmA01018_CKDL210018111-1a-AK7758-AK7557_HH72GDSX2_L1_clmp_fp2_r2_screen	0.0	0.0	171913.0	11578.0	1692.0	2253.0	1166.0	481.0	9.0	27.0	0.0	111472.0	3138665.0
GmA01026_CKDL210018111-1a-AK7078-AK8488_HH72GDSX2_L1_clmp_fp2_r1_screen	988485.0	66185.0	17952.0	3741.0	1790.0	1304.0	687.0	368.0	6.0	0.0	0.0	325006.0	3603470.0
GmA01026_CKDL210018111-1a-AK7078-AK8488_HH72GDSX2_L1_clmp_fp2_r2_screen	982850.0	65950.0	17913.0	3723.0	1763.0	1261.0	671.0	379.0	6.0	0.0	0.0	323495.0	3610983.0
GmA01027_CKDL210018111-1a-AK7078-AK4236_HH72GDSX2_L1_clmp_fp2_r1_screen	620812.0	55227.0	8203.0	3607.0	1550.0	799.0	646.0	325.0	6.0	0.0	1.0	264648.0	3021800.0
GmA01027_CKDL210018111-1a-AK7078-AK4236_HH72GDSX2_L1_clmp_fp2_r2_screen	613649.0	55641.0	8228.0	3585.0	1537.0	782.0	670.0	302.0	10.0	0.0	0.0	261873.0	3031347.0
GmA01028_CKDL210018111-1a-5UDI301-GD06_HH72GDSX2_L1_clmp_fp2_r1_screen	81082.0	74260.0	18375.0	4251.0	1739.0	1793.0	821.0	423.0	8.0	0.0	0.0	268737.0	4118235.0
GmA01028_CKDL210018111-1a-5UDI301-GD06_HH72GDSX2_L1_clmp_fp2_r2_screen	80349.0	75050.0	18353.0	4188.0	1743.0	1760.0	803.0	409.0	8.0	0.0	0.0	268369.0	4118692.0
GmA01029_CKDL210018111-1a-AK7758-AK533_HH72GDSX2_L1_clmp_fp2_r1_screen	88888.0	45058.0	82376.0	3679.0	1324.0	1263.0	413.0	216.0	3.0	0.0	0.0	200843.0	2855616.0
GmA01029_CKDL210018111-1a-AK7758-AK533_HH72GDSX2_L1_clmp_fp2_r2_screen	88425.0	45766.0	82202.0	3678.0	1327.0	1291.0	396.0	195.0	3.0	0.0	0.0	200780.0	2855616.0
GmA01030_CKDL210018111-1a-AK7758-AK8488_HH72GDSX2_L1_clmp_fp2_r1_screen	34641.0	47830.0	29611.0	2730.0	1197.0	1332.0	472.0	264.0	8.0	0.0	0.0	127211.0	2911660.0
GmA01030_CKDL210018111-1a-AK7758-AK8488_HH72GDSX2_L1_clmp_fp2_r2_screen	0.0	0.0	42193.0	11227.0	1737.0	1876.0	1227.0	663.0	5.0	23.0	0.0	85954.0	3012051.0
GmA01031_CKDL210018111-1a-AK7758-AK4236_HH72GDSX2_L1_clmp_fp2_r1_screen	30925.0	128899.0	17234.0	9446.0	4685.0	1643.0	1786.0	1302.0	14.0	0.0	0.0	718618.0	14227034.0
GmA01031_CKDL210018111-1a-AK7758-AK4236_HH72GDSX2_L1_clmp_fp2_r2_screen	30717.0	130340.0	17449.0	9451.0	4674.0	1612.0	1713.0	1287.0	24.0	0.0	0.0	720314.0	14224005.0
GmA01032_CKDL210018111-1a-AK7758-AK10343_HH72GDSX2_L1_clmp_fp2_r1_screen	36731.0	79131.0	22919.0	4539.0	2294.0	1740.0	990.0	504.0	9.0	0.0	1.0	276305.0	4929528.0
GmA01032_CKDL210018111-1a-AK7758-AK10343_HH72GDSX2_L1_clmp_fp2_r2_screen	36727.0	79463.0	22943.0	4579.0	2186.0	1744.0	962.0	465.0	7.0	0.0	0.0	276622.0	4928993.0
GmA01033_CKDL210018111-1a-AK9143-AK4234_HH72GDSX2_L1_clmp_fp2_r1_screen	76158.0	45535.0	103523.0	4010.0	1957.0	350.0	794.0	528.0	2.0	0.0	0.0	316022.0	9710527.0
GmA01033_CKDL210018111-1a-AK9143-AK4234_HH72GDSX2_L1_clmp_fp2_r2_screen	75712.0	46274.0	103736.0	4051.0	1895.0	370.0	714.0	519.0	6.0	0.0	0.0	315602.0	9710527.0
GmA01035_CKDL210018111-1a-AK7078-AK533_HH72GDSX2_L1_clmp_fp2_r1_screen	35337.0	102565.0	19994.0	6641.0	3337.0	1586.0	1430.0	740.0	6.0	0.0	0.0	400608.0	7769491.0
GmA01035_CKDL210018111-1a-AK7078-AK533_HH72GDSX2_L1_clmp_fp2_r2_screen	35052.0	102845.0	19861.0	6596.0	3318.0	1538.0	1345.0	719.0	12.0	0.0	0.0	401792.0	7768657.0
GmA01037_CKDL210018111-1a-AK7078-AK7557_HH72GDSX2_L1_clmp_fp2_r1_screen	87346.0	201234.0	21916.0	13937.0	7051.0	1648.0	3199.0	1665.0	25.0	0.0	3.0	886992.0	13306608.0
GmA01037_CKDL210018111-1a-AK7078-AK7557_HH72GDSX2_L1_clmp_fp2_r2_screen	86919.0	202927.0	22307.0	13790.0	7133.0	1494.0	3136.0	1615.0	20.0	0.0	0.0	887129.0	13305154.0
GmA01039_CKDL210018111-1a-AK7078-AK10343_HH72GDSX2_L1_clmp_fp2_r1_screen	508350.0	119636.0	27563.0	7367.0	3632.0	1796.0	1749.0	1007.0	10.0	0.0	0.0	524210.0	7510579.0
GmA01039_CKDL210018111-1a-AK7078-AK10343_HH72GDSX2_L1_clmp_fp2_r2_screen	504481.0	120955.0	27587.0	7409.0	3527.0	1837.0	1786.0	914.0	13.0	0.0	0.0	524200.0	7513190.0
GmA01041_CKDL210018111-1a-AK9143-AK533_HH72GDSX2_L1_clmp_fp2_r1_screen	460357.0	38655.0	62602.0	2638.0	1164.0	886.0	482.0	260.0	1.0	0.0	0.0	277602.0	7890061.0
GmA01041_CKDL210018111-1a-AK9143-AK533_HH72GDSX2_L1_clmp_fp2_r2_screen	458132.0	39206.0	62751.0	2599.0	1163.0	903.0	450.0	271.0	1.0	0.0	0.0	276550.0	7892682.0
GmA01042_CKDL210018111-1a-AK7758-GC06_HH72GDSX2_L1_clmp_fp2_r1_screen	0.0	0.0	57951.0	16917.0	2796.0	2226.0	1921.0	884.0	4.0	8.0	0.0	181086.0	4004691.0
GmA01042_CKDL210018111-1a-AK7758-GC06_HH72GDSX2_L1_clmp_fp2_r2_screen	26945.0	66760.0	36561.0	3627.0	1678.0	1536.0	713.0	371.0	4.0	0.0	0.0	232737.0	3897552.0
GmA01055_CKDL210018111-1a-AK9143-AK4236_HH72GDSX2_L1_clmp_fp2_r1_screen	600199.0	49389.0	15057.0	3205.0	1666.0	1159.0	490.0	336.0	3.0	0.0	1.0	278608.0	8977914.0
GmA01055_CKDL210018111-1a-AK9143-AK4236_HH72GDSX2_L1_clmp_fp2_r2_screen	596550.0	48792.0	15055.0	3175.0	1568.0	1153.0	517.0	311.0	6.0	0.0	0.0	278022.0	8982878.0
GmA01060_CKDL210018111-1a-5UDI225-AK533_HH72GDSX2_L1_clmp_fp2_r1_screen	548987.0	61798.0	16773.0	5300.0	2414.0	773.0	902.0	672.0	47.0	0.0	0.0	380003.0	13437847.0
GmA01060_CKDL210018111-1a-5UDI225-AK533_HH72GDSX2_L1_clmp_fp2_r2_screen	547673.0	63361.0	16711.0	5395.0	2437.0	773.0	875.0	674.0	16.0	0.0	0.0	378308.0	13439293.0
GmA01065_CKDL210018111-1a-AK9143-AK7557_HH72GDSX2_L1_clmp_fp2_r1_screen	1885449.0	176158.0	26094.0	11094.0	4697.0	5879.0	2222.0	1231.0	15.0	0.0	0.0	875111.0	23954789.0
GmA01065_CKDL210018111-1a-AK9143-AK7557_HH72GDSX2_L1_clmp_fp2_r2_screen	1875656.0	175541.0	26025.0	10827.0	4866.0	5811.0	2245.0	1180.0	8.0	0.0	0.0	872320.0	23968260.0
GmA01074_CKDL210018111-1a-AK7078-GC06_HH72GDSX2_L1_clmp_fp2_r1_screen	759308.0	26031.0	4422.0	1276.0	417.0	931.0	124.0	49.0	1.0	0.0	1.0	148457.0	6468561.0
GmA01074_CKDL210018111-1a-AK7078-GC06_HH72GDSX2_L1_clmp_fp2_r2_screen	754093.0	26127.0	4427.0	1264.0	439.0	916.0	119.0	38.0	0.0	0.0	0.0	144702.0	6477453.0
GmA01078_CKDL210018111-1a-AK9143-GC06_HH72GDSX2_L1_clmp_fp2_r1_screen	112688.0	95705.0	15345.0	8503.0	4459.0	712.0	1714.0	1192.0	12.0	0.0	2.0	624374.0	23356750.0
GmA01078_CKDL210018111-1a-AK9143-GC06_HH72GDSX2_L1_clmp_fp2_r2_screen	112326.0	97830.0	15361.0	8765.0	4564.0	705.0	1727.0	1217.0	24.0	0.0	0.0	624610.0	23354327.0
GmA01079_CKDL210018111-1a-AK9143-AK10343_HH72GDSX2_L1_clmp_fp2_r1_screen	155299.0	70059.0	12332.0	6142.0	3141.0	472.0	1162.0	839.0	14.0	0.0	3.0	408372.0	16518004.0
GmA01079_CKDL210018111-1a-AK9143-AK10343_HH72GDSX2_L1_clmp_fp2_r2_screen	0.0	0.0	31989.0	25460.0	4751.0	1156.0	3080.0	1745.0	24.0	34.0	0.0	340546.0	16767054.0
GmA01083_CKDL210018111-1a-AK9143-GD06_HH72GDSX2_L1_clmp_fp2_r1_screen	389274.0	60834.0	15003.0	5210.0	2443.0	607.0	929.0	599.0	10.0	0.0	1.0	408848.0	13747988.0
GmA01083_CKDL210018111-1a-AK9143-GD06_HH72GDSX2_L1_clmp_fp2_r2_screen	386546.0	61903.0	14973.0	5150.0	2346.0	601.0	949.0	641.0	7.0	0.0	0.0	407716.0	13750914.0
GmA01089_CKDL210018111-1a-AK9143-AK8488_HH72GDSX2_L1_clmp_fp2_r1_screen	212546.0	45279.0	2300270.0	2934.0	1253.0	1121.0	490.0	315.0	7.0	0.0	0.0	1144054.0	8327655.0
GmA01089_CKDL210018111-1a-AK9143-AK8488_HH72GDSX2_L1_clmp_fp2_r2_screen	211195.0	45626.0	2300886.0	2894.0	1299.0	1116.0	476.0	339.0	15.0	0.0	0.0	1129980.0	8342098.0
GmA02001_CKDL210018111-1a-AK3911-AK4234_HH72GDSX2_L1_clmp_fp2_r1_screen	527194.0	20939.0	59935.0	3500.0	568.0	258.0	143.0	75.0	3.0	0.0	0.0	188604.0	1508434.0
GmA02001_CKDL210018111-1a-AK3911-AK4234_HH72GDSX2_L1_clmp_fp2_r2_screen	525829.0	20903.0	59700.0	3432.0	558.0	236.0	135.0	90.0	2.0	0.0	0.0	187794.0	1510974.0
GmA02002_CKDL210018111-1a-5UDI225-AK7557_HH72GDSX2_L1_clmp_fp2_r1_screen	50408.0	28754.0	27500.0	3431.0	1793.0	152.0	475.0	312.0	21.0	0.0	0.0	130301.0	2943569.0
GmA02002_CKDL210018111-1a-5UDI225-AK7557_HH72GDSX2_L1_clmp_fp2_r2_screen	49987.0	29064.0	27331.0	3403.0	1761.0	148.0	473.0	353.0	11.0	0.0	0.0	130616.0	2943569.0
GmA02004_CKDL210018111-1a-5UDI225-AK4236_HH72GDSX2_L1_clmp_fp2_r1_screen	39810.0	4165.0	17677.0	1548.0	141.0	38.0	25.0	31.0	2.0	0.0	0.0	35292.0	375016.0
GmA02004_CKDL210018111-1a-5UDI225-AK4236_HH72GDSX2_L1_clmp_fp2_r2_screen	39741.0	4296.0	17738.0	1513.0	154.0	40.0	37.0	18.0	2.0	0.0	0.0	35190.0	375016.0
GmA02005_CKDL210018111-1a-5UDI225-AK10343_HH72GDSX2_L1_clmp_fp2_r1_screen	41649.0	11928.0	7444.0	3340.0	617.0	72.0	136.0	125.0	2.0	0.0	0.0	55242.0	1191249.0
GmA02005_CKDL210018111-1a-5UDI225-AK10343_HH72GDSX2_L1_clmp_fp2_r2_screen	41660.0	12045.0	7490.0	3227.0	656.0	79.0	173.0	119.0	2.0	0.0	0.0	54973.0	1191380.0
GmA02006_CKDL210018111-1a-5UDI225-AK4234_HH72GDSX2_L1_clmp_fp2_r1_screen	32920.0	11417.0	4106.0	1572.0	497.0	82.0	163.0	96.0	5.0	0.0	0.0	50218.0	1145227.0
GmA02006_CKDL210018111-1a-5UDI225-AK4234_HH72GDSX2_L1_clmp_fp2_r2_screen	32497.0	11280.0	4128.0	1622.0	548.0	75.0	156.0	121.0	3.0	0.0	0.0	50396.0	1145477.0
GmA02007_CKDL210018111-1a-AK9144-AK8488_HH72GDSX2_L1_clmp_fp2_r1_screen	877562.0	29276.0	12921.0	3240.0	685.0	167.0	257.0	208.0	4.0	0.0	0.0	178376.0	1859946.0
GmA02007_CKDL210018111-1a-AK9144-AK8488_HH72GDSX2_L1_clmp_fp2_r2_screen	873298.0	29076.0	12938.0	3223.0	662.0	171.0	263.0	199.0	0.0	0.0	0.0	176941.0	1865871.0
GmA02008_CKDL210018111-1a-AK9144-AK10343_HH72GDSX2_L1_clmp_fp2_r1_screen	933110.0	24626.0	13729.0	7686.0	504.0	341.0	61.0	30.0	5.0	0.0	0.0	224127.0	2374439.0
GmA02008_CKDL210018111-1a-AK9144-AK10343_HH72GDSX2_L1_clmp_fp2_r2_screen	928158.0	24590.0	13725.0	7561.0	518.0	362.0	53.0	38.0	3.0	0.0	0.0	223485.0	2380165.0
GmA02017_CKDL210018111-1a-5UDI225-AK8488_HH72GDSX2_L1_clmp_fp2_r1_screen	33655.0	9480.0	17116.0	1436.0	375.0	80.0	117.0	89.0	3.0	0.0	0.0	45927.0	979934.0
GmA02017_CKDL210018111-1a-5UDI225-AK8488_HH72GDSX2_L1_clmp_fp2_r2_screen	33596.0	9390.0	17193.0	1439.0	385.0	75.0	112.0	83.0	1.0	0.0	0.0	45895.0	980043.0
GmA02018_CKDL210018111-1a-AK9144-AK7557_HH72GDSX2_L1_clmp_fp2_r1_screen	741002.0	177952.0	70671.0	14980.0	5480.0	795.0	2427.0	1674.0	63.0	0.0	2.0	853731.0	10843989.0
GmA02018_CKDL210018111-1a-AK9144-AK7557_HH72GDSX2_L1_clmp_fp2_r2_screen	737943.0	178226.0	70806.0	15110.0	5599.0	742.0	2444.0	1701.0	20.0	0.0	0.0	852372.0	10847803.0
GmA02019_CKDL210018111-1a-AK9144-GC06_HH72GDSX2_L1_clmp_fp2_r1_screen	386555.0	69625.0	102293.0	9707.0	2126.0	541.0	912.0	676.0	28.0	0.0	0.0	320859.0	5026634.0
GmA02019_CKDL210018111-1a-AK9144-GC06_HH72GDSX2_L1_clmp_fp2_r2_screen	385127.0	70276.0	102063.0	9524.0	2109.0	564.0	863.0	620.0	12.0	0.0	0.0	320980.0	5027818.0
GmA02020_CKDL210018111-1a-AK9144-AK4234_HH72GDSX2_L1_clmp_fp2_r1_screen	183775.0	30968.0	108852.0	8534.0	955.0	499.0	365.0	224.0	12.0	0.0	0.0	211980.0	2523897.0
GmA02020_CKDL210018111-1a-AK9144-AK4234_HH72GDSX2_L1_clmp_fp2_r2_screen	183363.0	31131.0	108951.0	8558.0	985.0	514.0	361.0	230.0	7.0	0.0	0.0	211757.0	2524204.0
GmA02021_CKDL210018111-1a-AK9144-GD06_HH72GDSX2_L1_clmp_fp2_r1_screen	0.0	0.0	20784.0	19781.0	2291.0	3625.0	1304.0	845.0	21.0	261.0	0.0	161128.0	4888006.0
GmA02021_CKDL210018111-1a-AK9144-GD06_HH72GDSX2_L1_clmp_fp2_r2_screen	1340878.0	54949.0	10088.0	6270.0	1227.0	427.0	544.0	324.0	5.0	0.0	0.0	389487.0	3293847.0
GmA02022_CKDL210018111-1a-5UDI225-GC06_HH72GDSX2_L1_clmp_fp2_r1_screen	48205.0	58784.0	228968.0	5724.0	2419.0	261.0	846.0	625.0	23.0	0.0	1.0	292720.0	5042697.0
GmA02022_CKDL210018111-1a-5UDI225-GC06_HH72GDSX2_L1_clmp_fp2_r2_screen	48423.0	58771.0	229020.0	5706.0	2481.0	246.0	900.0	641.0	8.0	0.0	0.0	292380.0	5042697.0
GmA02023_CKDL210018111-1a-AK3911-GC06_HH72GDSX2_L1_clmp_fp2_r1_screen	857156.0	36664.0	51627.0	8573.0	643.0	504.0	240.0	170.0	5.0	0.0	0.0	258161.0	2243229.0
GmA02023_CKDL210018111-1a-AK3911-GC06_HH72GDSX2_L1_clmp_fp2_r2_screen	854516.0	36253.0	51505.0	8575.0	723.0	507.0	217.0	165.0	2.0	0.0	0.0	257478.0	2247031.0
GmA02028_CKDL210018111-1a-5UDI245-AK533_HH72GDSX2_L1_clmp_fp2_r1_screen	38822.0	16475.0	3647.0	1506.0	449.0	81.0	190.0	110.0	2.0	0.0	0.0	109985.0	1478697.0
GmA02028_CKDL210018111-1a-5UDI245-AK533_HH72GDSX2_L1_clmp_fp2_r2_screen	38631.0	16536.0	3633.0	1409.0	461.0	80.0	185.0	90.0	5.0	0.0	0.0	109907.0	1479027.0
GmA02030_CKDL210018111-1a-5UDI225-GD06_HH72GDSX2_L1_clmp_fp2_r1_screen	27657.0	5440.0	3011.0	871.0	243.0	53.0	79.0	36.0	1.0	0.0	0.0	64171.0	535584.0
GmA02030_CKDL210018111-1a-5UDI225-GD06_HH72GDSX2_L1_clmp_fp2_r2_screen	27716.0	5465.0	2995.0	943.0	236.0	55.0	65.0	29.0	0.0	0.0	0.0	63930.0	535712.0
GmA02033_CKDL210018111-1a-AK3911-AK533_HH72GDSX2_L1_clmp_fp2_r1_screen	435051.0	29549.0	16537.0	6126.0	969.0	322.0	246.0	135.0	0.0	0.0	1.0	260122.0	2787569.0
GmA02033_CKDL210018111-1a-AK3911-AK533_HH72GDSX2_L1_clmp_fp2_r2_screen	433212.0	29629.0	16552.0	6097.0	1021.0	322.0	239.0	124.0	4.0	0.0	0.0	259382.0	2790045.0
GmA02034_CKDL210018111-1a-5UDI245-AK7557_HH72GDSX2_L1_clmp_fp2_r1_screen	101168.0	13099.0	4938.0	2038.0	234.0	117.0	104.0	61.0	0.0	0.0	1.0	89800.0	1610654.0
GmA02034_CKDL210018111-1a-5UDI245-AK7557_HH72GDSX2_L1_clmp_fp2_r2_screen	100636.0	12996.0	4930.0	1999.0	231.0	106.0	100.0	72.0	1.0	0.0	0.0	89213.0	1611930.0
GmA02035_CKDL210018111-1a-5UDI245-AK8488_HH72GDSX2_L1_clmp_fp2_r1_screen	90464.0	27605.0	13170.0	3335.0	998.0	215.0	430.0	178.0	9.0	0.0	1.0	218586.0	2837369.0
GmA02035_CKDL210018111-1a-5UDI245-AK8488_HH72GDSX2_L1_clmp_fp2_r2_screen	90231.0	28006.0	13111.0	3164.0	992.0	217.0	406.0	202.0	7.0	0.0	0.0	217697.0	2838327.0
GmA02044_CKDL210018111-1a-AK3911-GD06_HH72GDSX2_L1_clmp_fp2_r1_screen	81341.0	120429.0	15233.0	14192.0	4029.0	679.0	1671.0	1011.0	18.0	0.0	0.0	1088657.0	9140085.0
GmA02044_CKDL210018111-1a-AK3911-GD06_HH72GDSX2_L1_clmp_fp2_r2_screen	81267.0	121720.0	15401.0	14245.0	4017.0	642.0	1716.0	913.0	22.0	0.0	0.0	1085223.0	9142179.0
GmA02045_CKDL210018111-1a-AK3911-AK7557_HH72GDSX2_L1_clmp_fp2_r1_screen	259240.0	106156.0	14073.0	11021.0	4666.0	257.0	1051.0	419.0	25.0	0.0	3.0	282301.0	79228018.0
GmA02045_CKDL210018111-1a-AK3911-AK7557_HH72GDSX2_L1_clmp_fp2_r2_screen	258859.0	103337.0	14225.0	10810.0	5005.0	262.0	1102.0	481.0	16.0	0.0	0.0	277124.0	79236009.0
GmA02047_CKDL210018111-1a-AK3911-AK4236_HH72GDSX2_L1_clmp_fp2_r1_screen	0.0	0.0	26173.0	8163.0	487.0	1368.0	272.0	179.0	6.0	84.0	1.0	42248.0	1871164.0
GmA02047_CKDL210018111-1a-AK3911-AK4236_HH72GDSX2_L1_clmp_fp2_r2_screen	373845.0	19377.0	19113.0	3698.0	333.0	258.0	97.0	59.0	1.0	0.0	0.0	152467.0	1380897.0
GmA02049_CKDL210018111-1a-AK9144-AK533_HH72GDSX2_L1_clmp_fp2_r1_screen	102631.0	174041.0	10863.0	17215.0	5549.0	254.0	2156.0	738.0	609.0	0.0	3.0	458959.0	167274335.0
GmA02049_CKDL210018111-1a-AK9144-AK533_HH72GDSX2_L1_clmp_fp2_r2_screen	103518.0	176273.0	11156.0	17378.0	6137.0	276.0	2363.0	807.0	32.0	0.0	0.0	455078.0	167274335.0
GmA02054_CKDL210018111-1a-5UDI245-GC06_HH72GDSX2_L1_clmp_fp2_r1_screen	56367.0	95364.0	17364.0	7357.0	2256.0	399.0	1318.0	713.0	14.0	0.0	3.0	792111.0	7747750.0
GmA02054_CKDL210018111-1a-5UDI245-GC06_HH72GDSX2_L1_clmp_fp2_r2_screen	56072.0	95896.0	17379.0	7439.0	2259.0	422.0	1320.0	650.0	17.0	0.0	0.0	790068.0	7749494.0
GmA02055_CKDL210018111-1a-AK9144-AK4236_HH72GDSX2_L1_clmp_fp2_r1_screen	49482.0	12007.0	105755.0	1853.0	327.0	164.0	472.0	46.0	14.0	0.0	1.0	128911.0	1078994.0
GmA02055_CKDL210018111-1a-AK9144-AK4236_HH72GDSX2_L1_clmp_fp2_r2_screen	49460.0	12221.0	105575.0	1861.0	352.0	198.0	462.0	59.0	11.0	0.0	0.0	128144.0	1079683.0
GmA02058_CKDL210018111-1a-AK3911-AK8488_HH72GDSX2_L1_clmp_fp2_r1_screen	912591.0	22326.0	5091.0	7182.0	103.0	224.0	47.0	18.0	0.0	0.0	0.0	158051.0	790820.0
GmA02058_CKDL210018111-1a-AK3911-AK8488_HH72GDSX2_L1_clmp_fp2_r2_screen	907711.0	22315.0	5125.0	7193.0	98.0	219.0	65.0	25.0	0.0	0.0	0.0	156434.0	797268.0
GmA02059_CKDL210018111-1a-AK3911-AK10343_HH72GDSX2_L1_clmp_fp2_r1_screen	652301.0	16511.0	2746.0	3496.0	211.0	135.0	83.0	43.0	1.0	0.0	0.0	151450.0	1235824.0
GmA02059_CKDL210018111-1a-AK3911-AK10343_HH72GDSX2_L1_clmp_fp2_r2_screen	649532.0	16610.0	2739.0	3384.0	203.0	138.0	67.0	43.0	3.0	0.0	0.0	150133.0	1239949.0
GmA02060_CKDL210018111-1a-5UDI245-AK10343_HH72GDSX2_L1_clmp_fp2_r1_screen	126854.0	19883.0	7799.0	3502.0	444.0	187.0	184.0	105.0	1.0	0.0	0.0	175422.0	2334257.0
GmA02060_CKDL210018111-1a-5UDI245-AK10343_HH72GDSX2_L1_clmp_fp2_r2_screen	126714.0	20264.0	7846.0	3434.0	439.0	198.0	259.0	143.0	3.0	0.0	0.0	174547.0	2334791.0
GmC01002_CKDL210018111-1a-AK3905-7UDI214_HH72GDSX2_L1_clmp_fp2_r1_screen	279.0	1841.0	181.0	220.0	358.0	46.0	20.0	15.0	0.0	0.0	0.0	14270.0	97173.0
GmC01002_CKDL210018111-1a-AK3905-7UDI214_HH72GDSX2_L1_clmp_fp2_r2_screen	253.0	1844.0	189.0	224.0	288.0	55.0	16.0	24.0	0.0	0.0	0.0	14588.0	96922.0
GmC01005_CKDL210018111-1a-AK9142-7UDI214_HH72GDSX2_L1_clmp_fp2_r1_screen	13.0	163.0	16.0	18.0	42.0	2.0	4.0	0.0	0.0	0.0	0.0	1309.0	19435.0
GmC01005_CKDL210018111-1a-AK9142-7UDI214_HH72GDSX2_L1_clmp_fp2_r2_screen	12.0	181.0	20.0	31.0	37.0	4.0	2.0	2.0	0.0	0.0	0.0	1320.0	19393.0
GmC01006_CKDL210018111-1a-AK8410-7UDI214_HH72GDSX2_L1_clmp_fp2_r1_screen	0.0	0.0	16414.0	12399.0	3543.0	555.0	280.0	293.0	2.0	0.0	0.0	104830.0	751170.0
GmC01006_CKDL210018111-1a-AK8410-7UDI214_HH72GDSX2_L1_clmp_fp2_r2_screen	726.0	13969.0	1339.0	1675.0	3318.0	406.0	117.0	143.0	0.0	0.0	0.0	135213.0	732580.0
GmC01008_CKDL210018111-1a-AK7759-7UDI214_HH72GDSX2_L1_clmp_fp2_r1_screen	2045.0	31034.0	4963.0	2768.0	3861.0	606.0	394.0	405.0	6.0	0.0	0.0	252689.0	6311195.0
GmC01008_CKDL210018111-1a-AK7759-7UDI214_HH72GDSX2_L1_clmp_fp2_r2_screen	2109.0	33225.0	4836.0	2989.0	3873.0	676.0	391.0	407.0	6.0	0.0	0.0	252242.0	6309212.0
GmC01009_CKDL210018111-1a-AK6881-7UDI214_HH72GDSX2_L1_clmp_fp2_r1_screen	1022.0	12986.0	1482.0	1438.0	2292.0	295.0	131.0	198.0	0.0	0.0	0.0	102335.0	1059429.0
GmC01009_CKDL210018111-1a-AK6881-7UDI214_HH72GDSX2_L1_clmp_fp2_r2_screen	997.0	13217.0	1613.0	1409.0	2250.0	334.0	112.0	172.0	0.0	0.0	0.0	103020.0	1058484.0
GmC01012_CKDL210018111-1a-5UDI312-7UDI214_HH72GDSX2_L1_clmp_fp2_r1_screen	1.0	3.0	0.0	1.0	3.0	0.0	0.0	0.0	0.0	0.0	0.0	39.0	458.0
GmC01012_CKDL210018111-1a-5UDI312-7UDI214_HH72GDSX2_L1_clmp_fp2_r2_screen	0.0	8.0	0.0	0.0	0.0	1.0	0.0	0.0	0.0	0.0	0.0	33.0	463.0
GmC01013_CKDL210018111-1a-AK9141-AK4971_HH72GDSX2_L1_clmp_fp2_r1_screen	91.0	922.0	135.0	74.0	103.0	6.0	13.0	5.0	0.0	0.0	0.0	4901.0	74394.0
GmC01013_CKDL210018111-1a-AK9141-AK4971_HH72GDSX2_L1_clmp_fp2_r2_screen	95.0	972.0	107.0	79.0	123.0	9.0	8.0	7.0	0.0	0.0	0.0	4842.0	74402.0
GmC01014_CKDL210018111-1a-AK3905-AK4971_HH72GDSX2_L1_clmp_fp2_r1_screen	3401.0	40244.0	5170.0	3877.0	3892.0	340.0	500.0	328.0	6.0	0.0	1.0	187134.0	3415688.0
GmC01014_CKDL210018111-1a-AK3905-AK4971_HH72GDSX2_L1_clmp_fp2_r2_screen	3416.0	40284.0	5036.0	4326.0	3622.0	389.0	554.0	337.0	10.0	0.0	0.0	188018.0	3414589.0
GmC01016_CKDL210018111-1a-5UDI298-AK4971_HH72GDSX2_L1_clmp_fp2_r1_screen	3947.0	59252.0	7110.0	5935.0	8612.0	897.0	650.0	455.0	10.0	0.0	0.0	357627.0	4109747.0
GmC01016_CKDL210018111-1a-5UDI298-AK4971_HH72GDSX2_L1_clmp_fp2_r2_screen	3973.0	60702.0	7222.0	6085.0	8719.0	1055.0	719.0	506.0	6.0	0.0	0.0	357329.0	4107926.0
GmC01017_CKDL210018111-1a-AK9142-AK4971_HH72GDSX2_L1_clmp_fp2_r1_screen	2335.0	24652.0	4856.0	2182.0	2189.0	245.0	348.0	354.0	8.0	0.0	0.0	162055.0	4188952.0
GmC01017_CKDL210018111-1a-AK9142-AK4971_HH72GDSX2_L1_clmp_fp2_r2_screen	2388.0	25615.0	4880.0	2296.0	2220.0	294.0	352.0	322.0	7.0	0.0	0.0	164360.0	4185442.0
GmC01018_CKDL210018111-1a-AK8410-AK4971_HH72GDSX2_L1_clmp_fp2_r1_screen	1213.0	44331.0	4370.0	4449.0	5199.0	441.0	462.0	307.0	22.0	0.0	0.0	239570.0	2632873.0
GmC01018_CKDL210018111-1a-AK8410-AK4971_HH72GDSX2_L1_clmp_fp2_r2_screen	1316.0	44380.0	4333.0	4860.0	5336.0	528.0	514.0	288.0	7.0	0.0	0.0	243495.0	2628180.0
GmC01021_CKDL210018111-1a-AK6881-AK4971_HH72GDSX2_L1_clmp_fp2_r1_screen	17.0	232.0	36.0	21.0	39.0	3.0	3.0	0.0	0.0	0.0	0.0	1694.0	25919.0
GmC01021_CKDL210018111-1a-AK6881-AK4971_HH72GDSX2_L1_clmp_fp2_r2_screen	0.0	0.0	179.0	134.0	39.0	4.0	5.0	1.0	0.0	0.0	0.0	1367.0	26235.0
GmC01022_CKDL210018111-1a-AK6260-AK4971_HH72GDSX2_L1_clmp_fp2_r1_screen	134.0	378.0	41.0	32.0	49.0	11.0	3.0	1.0	0.0	0.0	0.0	2245.0	28528.0
GmC01022_CKDL210018111-1a-AK6260-AK4971_HH72GDSX2_L1_clmp_fp2_r2_screen	158.0	392.0	35.0	53.0	45.0	6.0	5.0	2.0	0.0	0.0	0.0	2161.0	28565.0
GmC01026_CKDL210018111-1a-AK3905-AK1864_HH72GDSX2_L1_clmp_fp2_r1_screen	3715.0	103348.0	15316.0	9748.0	20454.0	2731.0	1135.0	1480.0	16.0	0.0	0.0	994809.0	11542753.0
GmC01026_CKDL210018111-1a-AK3905-AK1864_HH72GDSX2_L1_clmp_fp2_r2_screen	3933.0	106006.0	14688.0	10427.0	20802.0	3094.0	1155.0	1580.0	16.0	0.0	0.0	997399.0	11536405.0
GmC01028_CKDL210018111-1a-5UDI298-AK1864_HH72GDSX2_L1_clmp_fp2_r1_screen	13866.0	23931.0	3508.0	2248.0	2759.0	302.0	314.0	204.0	3.0	0.0	0.0	132227.0	2096798.0
GmC01028_CKDL210018111-1a-5UDI298-AK1864_HH72GDSX2_L1_clmp_fp2_r2_screen	13613.0	24173.0	3262.0	2326.0	2577.0	303.0	332.0	175.0	1.0	0.0	0.0	132145.0	2097253.0
GmC01029_CKDL210018111-1a-AK9142-AK1864_HH72GDSX2_L1_clmp_fp2_r1_screen	2876.0	53184.0	7067.0	4638.0	6271.0	870.0	658.0	885.0	18.0	0.0	0.0	371639.0	6608675.0
GmC01029_CKDL210018111-1a-AK9142-AK1864_HH72GDSX2_L1_clmp_fp2_r2_screen	0.0	0.0	49025.0	0.0	8734.0	3539.0	2852.0	5716.0	19.0	0.0	0.0	294951.0	6691945.0
GmC01032_CKDL210018111-1a-AK7759-AK1864_HH72GDSX2_L1_clmp_fp2_r1_screen	5502.0	21866.0	2781.0	1850.0	2542.0	354.0	266.0	292.0	2.0	0.0	0.0	163717.0	4111904.0
GmC01032_CKDL210018111-1a-AK7759-AK1864_HH72GDSX2_L1_clmp_fp2_r2_screen	5493.0	22751.0	2861.0	2010.0	2598.0	372.0	261.0	314.0	2.0	0.0	0.0	162941.0	4111473.0
GmC01033_CKDL210018111-1a-AK6881-AK1864_HH72GDSX2_L1_clmp_fp2_r1_screen	5615.0	58810.0	8643.0	5437.0	12489.0	1328.0	744.0	632.0	14.0	0.0	0.0	473307.0	4437558.0
GmC01033_CKDL210018111-1a-AK6881-AK1864_HH72GDSX2_L1_clmp_fp2_r2_screen	5550.0	60734.0	8723.0	5721.0	12735.0	1382.0	736.0	689.0	4.0	0.0	0.0	476250.0	4432053.0
GmC01035_CKDL210018111-1a-AK7010-AK1864_HH72GDSX2_L1_clmp_fp2_r1_screen	44.0	524.0	54.0	76.0	94.0	23.0	8.0	6.0	0.0	0.0	0.0	4280.0	38477.0
GmC01035_CKDL210018111-1a-AK7010-AK1864_HH72GDSX2_L1_clmp_fp2_r2_screen	46.0	520.0	75.0	54.0	95.0	13.0	3.0	7.0	0.0	0.0	0.0	4366.0	38407.0
GmC01036_CKDL210018111-1a-5UDI312-AK1864_HH72GDSX2_L1_clmp_fp2_r1_screen	105.0	847.0	129.0	95.0	134.0	11.0	12.0	11.0	0.0	0.0	0.0	5041.0	58832.0
GmC01036_CKDL210018111-1a-5UDI312-AK1864_HH72GDSX2_L1_clmp_fp2_r2_screen	86.0	915.0	121.0	102.0	118.0	14.0	7.0	3.0	0.0	0.0	0.0	5208.0	58643.0
GmC01037_CKDL210018111-1a-AK9141-AK7558_HH72GDSX2_L1_clmp_fp2_r2_screen	21.0	333.0	48.0	25.0	49.0	5.0	7.0	4.0	0.0	0.0	0.0	2359.0	26416.0
GmC01038_CKDL210018111-1a-AK3905-AK7558_HH72GDSX2_L1_clmp_fp2_r1_screen	9445.0	52721.0	6240.0	5102.0	5250.0	531.0	672.0	456.0	10.0	0.0	0.0	270449.0	3922887.0
GmC01038_CKDL210018111-1a-AK3905-AK7558_HH72GDSX2_L1_clmp_fp2_r2_screen	9251.0	53937.0	6084.0	5449.0	5000.0	569.0	637.0	440.0	3.0	0.0	0.0	270789.0	3921604.0
GmC01040_CKDL210018111-1a-5UDI298-AK7558_HH72GDSX2_L1_clmp_fp2_r1_screen	12.0	45.0	12.0	2.0	9.0	0.0	1.0	2.0	0.0	0.0	0.0	266.0	4236.0
GmC01040_CKDL210018111-1a-5UDI298-AK7558_HH72GDSX2_L1_clmp_fp2_r2_screen	9.0	38.0	8.0	4.0	5.0	1.0	0.0	0.0	0.0	0.0	0.0	274.0	4246.0
GmC01041_CKDL210018111-1a-AK9142-AK7558_HH72GDSX2_L1_clmp_fp2_r1_screen	4361.0	51830.0	7020.0	4640.0	5542.0	593.0	713.0	662.0	22.0	0.0	0.0	332095.0	7458889.0
GmC01041_CKDL210018111-1a-AK9142-AK7558_HH72GDSX2_L1_clmp_fp2_r2_screen	4340.0	53188.0	7026.0	4778.0	5243.0	649.0	736.0	602.0	5.0	0.0	0.0	336418.0	7453382.0
GmC01042_CKDL210018111-1a-AK8410-AK7558_HH72GDSX2_L1_clmp_fp2_r1_screen	414.0	4023.0	635.0	353.0	569.0	63.0	52.0	48.0	1.0	0.0	0.0	23784.0	385335.0
GmC01045_CKDL210018111-1a-AK6881-AK7558_HH72GDSX2_L1_clmp_fp2_r1_screen	12233.0	60111.0	19994.0	5369.0	9305.0	1009.0	875.0	675.0	10.0	0.0	0.0	414623.0	5142859.0
GmC01045_CKDL210018111-1a-AK6881-AK7558_HH72GDSX2_L1_clmp_fp2_r2_screen	12093.0	61397.0	19638.0	5473.0	9237.0	1044.0	876.0	565.0	7.0	0.0	1.0	415573.0	5141159.0
GmC01047_CKDL210018111-1a-AK7010-AK7558_HH72GDSX2_L1_clmp_fp2_r1_screen	91.0	888.0	143.0	68.0	104.0	13.0	8.0	8.0	0.0	0.0	0.0	6123.0	119183.0
GmC01047_CKDL210018111-1a-AK7010-AK7558_HH72GDSX2_L1_clmp_fp2_r2_screen	108.0	878.0	128.0	88.0	95.0	5.0	7.0	15.0	0.0	0.0	0.0	6363.0	118942.0
GmC01051_CKDL210018111-1a-AK7761-7UDI308_HH72GDSX2_L1_clmp_fp2_r1_screen	1.0	86.0	13.0	14.0	13.0	1.0	2.0	1.0	0.0	0.0	0.0	439.0	7727.0
GmC01051_CKDL210018111-1a-AK7761-7UDI308_HH72GDSX2_L1_clmp_fp2_r2_screen	1.0	92.0	15.0	8.0	5.0	0.0	0.0	0.0	0.0	0.0	0.0	469.0	7707.0
GmC01053_CKDL210018111-1a-AK9142-7UDI308_HH72GDSX2_L1_clmp_fp2_r1_screen	6179.0	193157.0	23746.0	19208.0	23550.0	2412.0	2674.0	1778.0	39.0	0.0	0.0	1088316.0	16133264.0
GmC01053_CKDL210018111-1a-AK9142-7UDI308_HH72GDSX2_L1_clmp_fp2_r2_screen	6257.0	197951.0	23079.0	19798.0	23084.0	2776.0	2667.0	1625.0	32.0	0.0	0.0	1090788.0	16126266.0
GmC01054_CKDL210018111-1a-AK8410-7UDI308_HH72GDSX2_L1_clmp_fp2_r1_screen	900.0	29300.0	3733.0	2746.0	2383.0	225.0	437.0	315.0	3.0	0.0	0.0	172979.0	3710013.0
GmC01054_CKDL210018111-1a-AK8410-7UDI308_HH72GDSX2_L1_clmp_fp2_r2_screen	910.0	30211.0	3767.0	2636.0	2380.0	244.0	431.0	316.0	8.0	0.0	0.0	175649.0	3706482.0
GmC01057_CKDL210018111-1a-AK6881-7UDI308_HH72GDSX2_L1_clmp_fp2_r1_screen	1245.0	25911.0	3802.0	2588.0	6267.0	786.0	277.0	308.0	9.0	0.0	0.0	264335.0	5121247.0
GmC01057_CKDL210018111-1a-AK6881-7UDI308_HH72GDSX2_L1_clmp_fp2_r2_screen	1422.0	26962.0	3458.0	2655.0	6254.0	825.0	315.0	292.0	3.0	0.0	0.0	264970.0	5119619.0
GmC01058_CKDL210018111-1a-AK6260-7UDI308_HH72GDSX2_L1_clmp_fp2_r1_screen	16.0	602.0	71.0	48.0	60.0	9.0	13.0	5.0	0.0	0.0	0.0	2940.0	51915.0
GmC01058_CKDL210018111-1a-AK6260-7UDI308_HH72GDSX2_L1_clmp_fp2_r2_screen	21.0	653.0	90.0	64.0	53.0	2.0	11.0	6.0	0.0	0.0	0.0	2909.0	51870.0
GmC01061_CKDL210018111-1a-AK9141-AK2587_HH72GDSX2_L1_clmp_fp2_r1_screen	584.0	4634.0	613.0	414.0	476.0	34.0	51.0	33.0	0.0	0.0	0.0	24075.0	382365.0
GmC01061_CKDL210018111-1a-AK9141-AK2587_HH72GDSX2_L1_clmp_fp2_r2_screen	511.0	4771.0	558.0	422.0	544.0	48.0	54.0	22.0	1.0	0.0	0.0	24355.0	381993.0
GmC01062_CKDL210018111-1a-AK3905-AK2587_HH72GDSX2_L1_clmp_fp2_r1_screen	53.0	476.0	59.0	44.0	60.0	7.0	11.0	5.0	0.0	0.0	0.0	3184.0	50857.0
GmC01062_CKDL210018111-1a-AK3905-AK2587_HH72GDSX2_L1_clmp_fp2_r2_screen	45.0	538.0	66.0	51.0	51.0	7.0	6.0	3.0	0.0	0.0	0.0	3045.0	50944.0
GmC01066_CKDL210018111-1a-AK8410-AK2587_HH72GDSX2_L1_clmp_fp2_r2_screen	6966.0	212510.0	25777.0	21004.0	27017.0	3315.0	2737.0	1698.0	40.0	0.0	0.0	1268730.0	16515385.0
GmC01068_CKDL210018111-1a-AK7759-AK2587_HH72GDSX2_L1_clmp_fp2_r1_screen	196.0	4228.0	608.0	379.0	610.0	38.0	101.0	35.0	0.0	0.0	0.0	23631.0	377069.0
GmC01068_CKDL210018111-1a-AK7759-AK2587_HH72GDSX2_L1_clmp_fp2_r2_screen	200.0	4301.0	631.0	438.0	524.0	62.0	74.0	45.0	3.0	0.0	0.0	23873.0	376744.0
GmC01069_CKDL210018111-1a-AK6881-AK2587_HH72GDSX2_L1_clmp_fp2_r1_screen	8298.0	226135.0	30227.0	19805.0	24988.0	2867.0	3233.0	2273.0	60.0	0.0	1.0	1543272.0	26816162.0
GmC01069_CKDL210018111-1a-AK6881-AK2587_HH72GDSX2_L1_clmp_fp2_r2_screen	8721.0	231310.0	29941.0	20093.0	24199.0	3055.0	3188.0	2284.0	44.0	0.0	0.0	1549795.0	26804691.0
GmC01070_CKDL210018111-1a-AK6260-AK2587_HH72GDSX2_L1_clmp_fp2_r1_screen	18.0	504.0	55.0	34.0	85.0	3.0	1.0	5.0	0.0	0.0	0.0	2753.0	43836.0
GmC01070_CKDL210018111-1a-AK6260-AK2587_HH72GDSX2_L1_clmp_fp2_r2_screen	20.0	502.0	72.0	50.0	75.0	6.0	4.0	1.0	0.0	0.0	0.0	2666.0	43898.0
GmC01071_CKDL210018111-1a-AK7010-AK2587_HH72GDSX2_L1_clmp_fp2_r1_screen	83.0	2128.0	282.0	199.0	207.0	17.0	27.0	25.0	0.0	0.0	0.0	12639.0	185248.0
GmC01071_CKDL210018111-1a-AK7010-AK2587_HH72GDSX2_L1_clmp_fp2_r2_screen	107.0	2015.0	230.0	178.0	215.0	20.0	18.0	33.0	0.0	0.0	0.0	12831.0	185208.0
GmC01072_CKDL210018111-1a-5UDI312-AK2587_HH72GDSX2_L1_clmp_fp2_r1_screen	9262.0	21176.0	2565.0	1879.0	1862.0	137.0	282.0	158.0	10.0	0.0	0.0	105285.0	1594478.0
GmC01072_CKDL210018111-1a-5UDI312-AK2587_HH72GDSX2_L1_clmp_fp2_r2_screen	9230.0	21080.0	2687.0	2030.0	1710.0	184.0	251.0	161.0	7.0	0.0	0.0	105623.0	1594131.0
GmC01073_CKDL210018111-1a-AK9141-GC12_HH72GDSX2_L1_clmp_fp2_r1_screen	3947.0	44714.0	5923.0	4014.0	4820.0	653.0	574.0	426.0	15.0	0.0	0.0	323777.0	5338124.0
GmC01073_CKDL210018111-1a-AK9141-GC12_HH72GDSX2_L1_clmp_fp2_r2_screen	4036.0	46345.0	5653.0	4000.0	4565.0	707.0	589.0	395.0	8.0	0.0	0.0	324856.0	5335833.0
GmC01074_CKDL210018111-1a-AK3905-GC12_HH72GDSX2_L1_clmp_fp2_r1_screen	286.0	8748.0	1180.0	782.0	1106.0	102.0	126.0	79.0	0.0	0.0	0.0	48303.0	795582.0
GmC01074_CKDL210018111-1a-AK3905-GC12_HH72GDSX2_L1_clmp_fp2_r2_screen	294.0	9253.0	1227.0	840.0	1093.0	132.0	97.0	96.0	0.0	0.0	0.0	48194.0	795068.0
GmC01075_CKDL210018111-1a-AK7761-GC12_HH72GDSX2_L1_clmp_fp2_r1_screen	1464.0	51470.0	5718.0	5296.0	4171.0	423.0	636.0	497.0	9.0	0.0	0.0	239580.0	3869970.0
GmC01075_CKDL210018111-1a-AK7761-GC12_HH72GDSX2_L1_clmp_fp2_r2_screen	1597.0	52175.0	5759.0	5681.0	4079.0	442.0	562.0	522.0	9.0	0.0	0.0	240945.0	3867463.0
GmC01077_CKDL210018111-1a-AK9142-GC12_HH72GDSX2_L1_clmp_fp2_r1_screen	7743.0	214840.0	28785.0	19208.0	29861.0	3105.0	2895.0	2369.0	38.0	0.0	0.0	1308008.0	16111787.0
GmC01077_CKDL210018111-1a-AK9142-GC12_HH72GDSX2_L1_clmp_fp2_r2_screen	7713.0	217134.0	28154.0	19822.0	28765.0	3318.0	2891.0	2362.0	37.0	0.0	0.0	1308429.0	16110014.0
GmC01078_CKDL210018111-1a-AK8410-GC12_HH72GDSX2_L1_clmp_fp2_r1_screen	2280.0	63543.0	7989.0	6163.0	9095.0	997.0	814.0	684.0	6.0	0.0	0.0	398023.0	5510328.0
GmC01078_CKDL210018111-1a-AK8410-GC12_HH72GDSX2_L1_clmp_fp2_r2_screen	2469.0	64903.0	8134.0	6731.0	9416.0	1246.0	809.0	675.0	5.0	0.0	0.0	397006.0	5508528.0
GmC01080_CKDL210018111-1a-AK7759-GC12_HH72GDSX2_L1_clmp_fp2_r1_screen	14.0	224.0	20.0	17.0	21.0	3.0	2.0	0.0	0.0	0.0	0.0	1157.0	21356.0
GmC01081_CKDL210018111-1a-AK6881-GC12_HH72GDSX2_L1_clmp_fp2_r1_screen	539.0	20983.0	2672.0	1907.0	2297.0	213.0	263.0	177.0	5.0	0.0	0.0	108524.0	1542273.0
GmC01081_CKDL210018111-1a-AK6881-GC12_HH72GDSX2_L1_clmp_fp2_r2_screen	578.0	21469.0	2582.0	2074.0	2251.0	243.0	317.0	142.0	1.0	0.0	0.0	109435.0	1540761.0
GmC01082_CKDL210018111-1a-AK6260-GC12_HH72GDSX2_L1_clmp_fp2_r1_screen	4.0	41.0	5.0	11.0	8.0	0.0	0.0	1.0	0.0	0.0	0.0	361.0	4460.0
GmC01082_CKDL210018111-1a-AK6260-GC12_HH72GDSX2_L1_clmp_fp2_r2_screen	2.0	55.0	16.0	3.0	8.0	0.0	2.0	0.0	0.0	0.0	0.0	381.0	4424.0
GmC01085_CKDL210018111-1a-AK9141-7UDI246_HH72GDSX2_L1_clmp_fp2_r1_screen	331.0	10823.0	1224.0	946.0	1009.0	116.0	129.0	123.0	1.0	0.0	0.0	56107.0	818751.0
GmC01085_CKDL210018111-1a-AK9141-7UDI246_HH72GDSX2_L1_clmp_fp2_r2_screen	308.0	10898.0	1290.0	1016.0	1017.0	95.0	133.0	101.0	1.0	0.0	0.0	56039.0	818662.0
GmC01086_CKDL210018111-1a-AK3905-7UDI246_HH72GDSX2_L1_clmp_fp2_r1_screen	3536.0	98919.0	11183.0	9664.0	10487.0	1048.0	1275.0	824.0	12.0	0.0	0.0	523725.0	7299240.0
GmC01086_CKDL210018111-1a-AK3905-7UDI246_HH72GDSX2_L1_clmp_fp2_r2_screen	3777.0	100214.0	11130.0	9974.0	9934.0	1256.0	1271.0	811.0	15.0	0.0	0.0	521495.0	7300036.0
GmC01087_CKDL210018111-1a-AK7761-7UDI246_HH72GDSX2_L1_clmp_fp2_r1_screen	1047.0	27243.0	3803.0	2561.0	3457.0	463.0	365.0	293.0	4.0	0.0	0.0	207296.0	2793317.0
GmC01087_CKDL210018111-1a-AK7761-7UDI246_HH72GDSX2_L1_clmp_fp2_r2_screen	1128.0	27603.0	3656.0	2558.0	3217.0	505.0	356.0	277.0	6.0	0.0	0.0	206618.0	2793925.0
GmC01089_CKDL210018111-1a-AK9142-7UDI246_HH72GDSX2_L1_clmp_fp2_r1_screen	7111.0	100432.0	13798.0	8287.0	8433.0	701.0	1450.0	774.0	22.0	0.0	0.0	431433.0	7933366.0
GmC01089_CKDL210018111-1a-AK9142-7UDI246_HH72GDSX2_L1_clmp_fp2_r2_screen	7144.0	102307.0	13630.0	8397.0	8119.0	723.0	1480.0	779.0	21.0	0.0	0.0	434094.0	7929113.0
GmC01090_CKDL210018111-1a-AK8410-7UDI246_HH72GDSX2_L1_clmp_fp2_r1_screen	3509.0	48125.0	8535.0	4269.0	5088.0	706.0	560.0	581.0	9.0	0.0	0.0	336883.0	4014966.0
GmC01090_CKDL210018111-1a-AK8410-7UDI246_HH72GDSX2_L1_clmp_fp2_r2_screen	3661.0	50312.0	8492.0	4296.0	4934.0	750.0	653.0	611.0	13.0	0.0	0.0	338081.0	4011428.0
GmC01092_CKDL210018111-1a-AK7759-7UDI246_HH72GDSX2_L1_clmp_fp2_r1_screen	1905.0	53931.0	7239.0	4681.0	6403.0	662.0	798.0	516.0	9.0	0.0	0.0	292611.0	4847008.0
GmC01092_CKDL210018111-1a-AK7759-7UDI246_HH72GDSX2_L1_clmp_fp2_r2_screen	1988.0	54854.0	7168.0	4792.0	6154.0	711.0	764.0	455.0	6.0	0.0	0.0	293428.0	4845443.0
GmC01093_CKDL210018111-1a-AK6881-7UDI246_HH72GDSX2_L1_clmp_fp2_r1_screen	33.0	485.0	81.0	34.0	69.0	7.0	11.0	3.0	0.0	0.0	0.0	2997.0	48380.0
GmC01093_CKDL210018111-1a-AK6881-7UDI246_HH72GDSX2_L1_clmp_fp2_r2_screen	24.0	444.0	75.0	43.0	63.0	10.0	7.0	4.0	0.0	0.0	0.0	3009.0	48421.0
GmC01094_CKDL210018111-1a-AK6260-7UDI246_HH72GDSX2_L1_clmp_fp2_r1_screen	78.0	1848.0	229.0	199.0	237.0	21.0	16.0	22.0	0.0	0.0	0.0	11489.0	136431.0
GmC01094_CKDL210018111-1a-AK6260-7UDI246_HH72GDSX2_L1_clmp_fp2_r2_screen	64.0	1836.0	247.0	215.0	230.0	28.0	22.0	23.0	0.0	0.0	0.0	11911.0	135994.0
GmC01095_CKDL210018111-1a-AK7010-7UDI246_HH72GDSX2_L1_clmp_fp2_r1_screen	480.0	4378.0	190.0	500.0	273.0	36.0	27.0	15.0	0.0	0.0	0.0	18086.0	150960.0
GmC01095_CKDL210018111-1a-AK7010-7UDI246_HH72GDSX2_L1_clmp_fp2_r2_screen	434.0	4443.0	222.0	560.0	244.0	44.0	10.0	7.0	3.0	0.0	0.0	18071.0	150907.0
GmC01096_CKDL210018111-1a-5UDI312-7UDI246_HH72GDSX2_L1_clmp_fp2_r1_screen	5.0	105.0	4.0	3.0	10.0	1.0	0.0	3.0	0.0	0.0	0.0	572.0	8436.0
GmC01096_CKDL210018111-1a-5UDI312-7UDI246_HH72GDSX2_L1_clmp_fp2_r2_screen	9.0	88.0	10.0	7.0	5.0	1.0	0.0	1.0	0.0	0.0	0.0	540.0	8478.0
GmC02001_CKDL210018111-1a-5UDI298-7UDI243_HH72GDSX2_L1_clmp_fp2_r1_screen	114.0	5068.0	546.0	492.0	565.0	43.0	79.0	30.0	0.0	0.0	0.0	30397.0	419068.0
GmC02001_CKDL210018111-1a-5UDI298-7UDI243_HH72GDSX2_L1_clmp_fp2_r2_screen	125.0	5155.0	619.0	504.0	642.0	86.0	70.0	46.0	0.0	0.0	0.0	30498.0	418657.0
GmC02002_CKDL210018111-1a-AK9142-AK33_HH72GDSX2_L1_clmp_fp2_r1_screen	107.0	4499.0	526.0	409.0	413.0	38.0	67.0	35.0	1.0	0.0	0.0	22813.0	384056.0
GmC02002_CKDL210018111-1a-AK9142-AK33_HH72GDSX2_L1_clmp_fp2_r2_screen	138.0	4447.0	518.0	393.0	458.0	61.0	61.0	41.0	2.0	0.0	0.0	23202.0	383643.0
GmC02006_CKDL210018111-1a-AK6260-AK8544_HH72GDSX2_L1_clmp_fp2_r1_screen	18.0	288.0	23.0	17.0	30.0	5.0	1.0	5.0	0.0	0.0	0.0	2076.0	15996.0
GmC02006_CKDL210018111-1a-AK6260-AK8544_HH72GDSX2_L1_clmp_fp2_r2_screen	12.0	266.0	50.0	24.0	53.0	8.0	2.0	2.0	0.0	0.0	0.0	2040.0	16002.0
GmC02007_CKDL210018111-1a-AK7010-AK892_HH72GDSX2_L1_clmp_fp2_r1_screen	0.0	19.0	2.0	3.0	3.0	0.0	0.0	0.0	0.0	0.0	0.0	104.0	1567.0
GmC02007_CKDL210018111-1a-AK7010-AK892_HH72GDSX2_L1_clmp_fp2_r2_screen	0.0	18.0	2.0	2.0	2.0	0.0	0.0	0.0	0.0	0.0	0.0	92.0	1582.0
GmC02008_CKDL210018111-1a-AK7759-7UDI243_HH72GDSX2_L1_clmp_fp2_r1_screen	18.0	307.0	26.0	21.0	56.0	8.0	4.0	0.0	0.0	0.0	0.0	2053.0	20887.0
GmC02008_CKDL210018111-1a-AK7759-7UDI243_HH72GDSX2_L1_clmp_fp2_r2_screen	28.0	318.0	35.0	35.0	45.0	5.0	2.0	1.0	0.0	0.0	0.0	2080.0	20831.0
GmC02011_CKDL210018111-1a-AK9142-7UDI298_HH72GDSX2_L1_clmp_fp2_r1_screen	2344.0	91039.0	11256.0	8381.0	11240.0	1579.0	1208.0	1612.0	17.0	0.0	0.0	592209.0	6757170.0
GmC02011_CKDL210018111-1a-AK9142-7UDI298_HH72GDSX2_L1_clmp_fp2_r2_screen	2429.0	91815.0	11327.0	8695.0	11527.0	1851.0	1206.0	1574.0	22.0	0.0	0.0	596421.0	6751188.0
GmC02012_CKDL210018111-1a-AK6260-AK9148_HH72GDSX2_L1_clmp_fp2_r1_screen	26.0	341.0	32.0	36.0	62.0	4.0	6.0	4.0	0.0	0.0	0.0	2589.0	24528.0
GmC02012_CKDL210018111-1a-AK6260-AK9148_HH72GDSX2_L1_clmp_fp2_r2_screen	18.0	369.0	22.0	44.0	51.0	16.0	6.0	3.0	0.0	0.0	0.0	2546.0	24553.0
GmC02013_CKDL210018111-1a-AK6881-AK9148_HH72GDSX2_L1_clmp_fp2_r1_screen	108.0	1683.0	176.0	149.0	221.0	34.0	18.0	18.0	0.0	0.0	0.0	11088.0	119065.0
GmC02013_CKDL210018111-1a-AK6881-AK9148_HH72GDSX2_L1_clmp_fp2_r2_screen	110.0	1715.0	187.0	166.0	226.0	32.0	27.0	18.0	0.0	0.0	0.0	11014.0	119065.0
GmC02014_CKDL210018111-1a-AK9142-AK892_HH72GDSX2_L1_clmp_fp2_r1_screen	66.0	2504.0	357.0	235.0	334.0	28.0	40.0	35.0	0.0	0.0	0.0	14451.0	206444.0
GmC02014_CKDL210018111-1a-AK9142-AK892_HH72GDSX2_L1_clmp_fp2_r2_screen	73.0	2541.0	332.0	275.0	341.0	30.0	33.0	25.0	0.0	0.0	0.0	14422.0	206422.0
GmC02015_CKDL210018111-1a-5UDI312-AK33_HH72GDSX2_L1_clmp_fp2_r1_screen	29.0	767.0	108.0	66.0	64.0	11.0	10.0	5.0	0.0	0.0	0.0	3773.0	59264.0
GmC02015_CKDL210018111-1a-5UDI312-AK33_HH72GDSX2_L1_clmp_fp2_r2_screen	34.0	742.0	106.0	60.0	86.0	7.0	21.0	7.0	0.0	0.0	0.0	3969.0	59065.0
GmC02016_CKDL210018111-1a-AK9142-AK4997_HH72GDSX2_L1_clmp_fp2_r1_screen	19.0	123.0	9.0	9.0	20.0	1.0	0.0	4.0	0.0	0.0	0.0	754.0	10740.0
GmC02016_CKDL210018111-1a-AK9142-AK4997_HH72GDSX2_L1_clmp_fp2_r2_screen	12.0	102.0	12.0	10.0	20.0	1.0	0.0	0.0	0.0	0.0	0.0	771.0	10751.0
GmC02017_CKDL210018111-1a-AK9142-7UDI243_HH72GDSX2_L1_clmp_fp2_r1_screen	49.0	995.0	96.0	98.0	121.0	9.0	10.0	1.0	0.0	0.0	0.0	6388.0	78722.0
GmC02017_CKDL210018111-1a-AK9142-7UDI243_HH72GDSX2_L1_clmp_fp2_r2_screen	51.0	999.0	123.0	114.0	125.0	8.0	13.0	8.0	0.0	0.0	0.0	6421.0	78627.0
GmC02018_CKDL210018111-1a-AK9142-AK9148_HH72GDSX2_L1_clmp_fp2_r1_screen	2449.0	85357.0	8323.0	8381.0	9655.0	1025.0	947.0	758.0	4.0	0.0	2.0	489303.0	5178185.0
GmC02018_CKDL210018111-1a-AK9142-AK9148_HH72GDSX2_L1_clmp_fp2_r2_screen	2472.0	86153.0	8271.0	8985.0	9614.0	1229.0	963.0	703.0	14.0	0.0	0.0	490114.0	5175871.0
GmC02019_CKDL210018111-1a-AK7761-AK9148_HH72GDSX2_L1_clmp_fp2_r1_screen	14.0	592.0	92.0	46.0	48.0	2.0	6.0	3.0	0.0	0.0	0.0	2902.0	44214.0
GmC02019_CKDL210018111-1a-AK7761-AK9148_HH72GDSX2_L1_clmp_fp2_r2_screen	13.0	624.0	77.0	56.0	57.0	6.0	7.0	1.0	0.0	0.0	0.0	2921.0	44157.0
GmC02020_CKDL210018111-1a-AK6881-AK33_HH72GDSX2_L1_clmp_fp2_r1_screen	1649.0	30043.0	3118.0	2899.0	5462.0	948.0	250.0	730.0	5.0	0.0	0.0	261335.0	1636736.0
GmC02020_CKDL210018111-1a-AK6881-AK33_HH72GDSX2_L1_clmp_fp2_r2_screen	1623.0	31152.0	3148.0	2988.0	4990.0	1138.0	261.0	733.0	5.0	0.0	0.0	261956.0	1635181.0
GmC02021_CKDL210018111-1a-AK6260-7UDI227_HH72GDSX2_L1_clmp_fp2_r1_screen	0.0	5.0	0.0	0.0	0.0	0.0	0.0	0.0	0.0	0.0	0.0	4.0	162.0
GmC02021_CKDL210018111-1a-AK6260-7UDI227_HH72GDSX2_L1_clmp_fp2_r2_screen	0.0	1.0	1.0	0.0	0.0	0.0	0.0	0.0	0.0	0.0	0.0	5.0	164.0
GmC02022_CKDL210018111-1a-AK3905-7UDI227_HH72GDSX2_L1_clmp_fp2_r1_screen	1383.0	46233.0	5424.0	4211.0	6704.0	737.0	624.0	502.0	6.0	0.0	0.0	312106.0	3807336.0
GmC02022_CKDL210018111-1a-AK3905-7UDI227_HH72GDSX2_L1_clmp_fp2_r2_screen	1466.0	47214.0	5559.0	4265.0	6686.0	829.0	616.0	508.0	4.0	0.0	0.0	312039.0	3806080.0
GmC02023_CKDL210018111-1a-AK6881-AK4997_HH72GDSX2_L1_clmp_fp2_r1_screen	21.0	285.0	29.0	26.0	43.0	3.0	3.0	1.0	0.0	0.0	0.0	2420.0	17203.0
GmC02023_CKDL210018111-1a-AK6881-AK4997_HH72GDSX2_L1_clmp_fp2_r2_screen	26.0	293.0	23.0	24.0	35.0	9.0	5.0	4.0	0.0	0.0	0.0	2424.0	17191.0
GmC02024_CKDL210018111-1a-AK6260-AK4997_HH72GDSX2_L1_clmp_fp2_r1_screen	0.0	1.0	0.0	0.0	0.0	0.0	0.0	0.0	0.0	0.0	0.0	13.0	109.0
GmC02024_CKDL210018111-1a-AK6260-AK4997_HH72GDSX2_L1_clmp_fp2_r2_screen	0.0	1.0	1.0	0.0	0.0	0.0	0.0	0.0	0.0	0.0	0.0	8.0	113.0
GmC02025_CKDL210018111-1a-AK7010-7UDI243_HH72GDSX2_L1_clmp_fp2_r1_screen	1536.0	48576.0	4773.0	4650.0	5477.0	609.0	588.0	449.0	9.0	0.0	0.0	287685.0	3154078.0
GmC02025_CKDL210018111-1a-AK7010-7UDI243_HH72GDSX2_L1_clmp_fp2_r2_screen	1580.0	49815.0	4644.0	4830.0	5466.0	689.0	625.0	424.0	6.0	0.0	0.0	290132.0	3150219.0
GmC02026_CKDL210018111-1a-AK9141-AK4997_HH72GDSX2_L1_clmp_fp2_r1_screen	10.0	172.0	28.0	9.0	40.0	13.0	1.0	2.0	0.0	0.0	0.0	1069.0	12621.0
GmC02026_CKDL210018111-1a-AK9141-AK4997_HH72GDSX2_L1_clmp_fp2_r2_screen	7.0	165.0	18.0	23.0	26.0	4.0	5.0	2.0	0.0	0.0	0.0	1102.0	12613.0
GmC02027_CKDL210018111-1a-AK7010-AK8544_HH72GDSX2_L1_clmp_fp2_r1_screen	13.0	302.0	24.0	38.0	58.0	3.0	3.0	7.0	0.0	0.0	0.0	2441.0	20094.0
GmC02027_CKDL210018111-1a-AK7010-AK8544_HH72GDSX2_L1_clmp_fp2_r2_screen	22.0	335.0	34.0	35.0	56.0	9.0	7.0	10.0	0.0	0.0	0.0	2489.0	19986.0
GmC02029_CKDL210018111-1a-5UDI298-AK892_HH72GDSX2_L1_clmp_fp2_r1_screen	13.0	190.0	20.0	21.0	9.0	3.0	2.0	0.0	0.0	0.0	0.0	1256.0	19278.0
GmC02029_CKDL210018111-1a-5UDI298-AK892_HH72GDSX2_L1_clmp_fp2_r2_screen	13.0	205.0	30.0	26.0	33.0	4.0	4.0	1.0	0.0	0.0	0.0	1304.0	19172.0
GmC02031_CKDL210018111-1a-AK9141-7UDI227_HH72GDSX2_L1_clmp_fp2_r1_screen	414.0	13368.0	1394.0	1410.0	1438.0	133.0	173.0	121.0	3.0	0.0	0.0	72366.0	913817.0
GmC02031_CKDL210018111-1a-AK9141-7UDI227_HH72GDSX2_L1_clmp_fp2_r2_screen	433.0	13426.0	1402.0	1420.0	1473.0	164.0	162.0	87.0	2.0	0.0	0.0	73557.0	912511.0
GmC02033_CKDL210018111-1a-AK6881-7UDI227_HH72GDSX2_L1_clmp_fp2_r1_screen	29.0	457.0	53.0	34.0	75.0	11.0	7.0	6.0	0.0	0.0	0.0	3316.0	36952.0
GmC02033_CKDL210018111-1a-AK6881-7UDI227_HH72GDSX2_L1_clmp_fp2_r2_screen	37.0	430.0	46.0	50.0	76.0	11.0	5.0	2.0	0.0	0.0	0.0	3372.0	36911.0
GmC02034_CKDL210018111-1a-AK8410-7UDI227_HH72GDSX2_L1_clmp_fp2_r1_screen	672.0	2534.0	241.0	255.0	358.0	56.0	22.0	43.0	0.0	0.0	0.0	17995.0	146846.0
GmC02034_CKDL210018111-1a-AK8410-7UDI227_HH72GDSX2_L1_clmp_fp2_r2_screen	671.0	2675.0	241.0	269.0	325.0	62.0	36.0	32.0	2.0	0.0	0.0	18320.0	146389.0
GmC02035_CKDL210018111-1a-AK6881-AK892_HH72GDSX2_L1_clmp_fp2_r1_screen	2118.0	69707.0	9221.0	6244.0	7728.0	751.0	1040.0	720.0	13.0	0.0	0.0	371470.0	5629965.0
GmC02035_CKDL210018111-1a-AK6881-AK892_HH72GDSX2_L1_clmp_fp2_r2_screen	2271.0	71397.0	9000.0	6203.0	7510.0	900.0	1063.0	739.0	6.0	0.0	0.0	376022.0	5623866.0
GmC02036_CKDL210018111-1a-AK9141-AK9148_HH72GDSX2_L1_clmp_fp2_r1_screen	182.0	5535.0	592.0	508.0	906.0	117.0	60.0	83.0	0.0	0.0	0.0	41643.0	398255.0
GmC02036_CKDL210018111-1a-AK9141-AK9148_HH72GDSX2_L1_clmp_fp2_r2_screen	202.0	5602.0	692.0	559.0	984.0	133.0	61.0	68.0	0.0	0.0	0.0	41683.0	397897.0
GmC02038_CKDL210018111-1a-AK7759-7UDI227_HH72GDSX2_L1_clmp_fp2_r1_screen	84.0	1549.0	148.0	147.0	239.0	19.0	12.0	21.0	1.0	0.0	0.0	10981.0	76968.0
GmC02038_CKDL210018111-1a-AK7759-7UDI227_HH72GDSX2_L1_clmp_fp2_r2_screen	112.0	1508.0	140.0	131.0	212.0	25.0	20.0	43.0	0.0	0.0	0.0	11155.0	76823.0
GmC02039_CKDL210018111-1a-5UDI312-7UDI243_HH72GDSX2_L1_clmp_fp2_r1_screen	85.0	556.0	51.0	54.0	72.0	6.0	5.0	6.0	0.0	0.0	0.0	3085.0	38272.0
GmC02039_CKDL210018111-1a-5UDI312-7UDI243_HH72GDSX2_L1_clmp_fp2_r2_screen	75.0	543.0	66.0	49.0	88.0	3.0	2.0	4.0	0.0	0.0	0.0	3179.0	38183.0
GmC02041_CKDL210018111-1a-AK6881-7UDI243_HH72GDSX2_L1_clmp_fp2_r1_screen	38.0	624.0	76.0	66.0	110.0	15.0	1.0	11.0	0.0	0.0	0.0	4611.0	41934.0
GmC02041_CKDL210018111-1a-AK6881-7UDI243_HH72GDSX2_L1_clmp_fp2_r2_screen	43.0	694.0	92.0	69.0	102.0	6.0	5.0	6.0	0.0	0.0	0.0	4582.0	41887.0
GmC02043_CKDL210018111-1a-5UDI298-AK4997_HH72GDSX2_L1_clmp_fp2_r1_screen	8.0	129.0	16.0	10.0	13.0	2.0	1.0	3.0	0.0	0.0	0.0	841.0	8909.0
GmC02043_CKDL210018111-1a-5UDI298-AK4997_HH72GDSX2_L1_clmp_fp2_r2_screen	6.0	135.0	12.0	9.0	20.0	1.0	1.0	1.0	0.0	0.0	0.0	820.0	8927.0
GmC02044_CKDL210018111-1a-AK3905-7UDI243_HH72GDSX2_L1_clmp_fp2_r1_screen	7178.0	124841.0	10339.0	12953.0	15602.0	1463.0	990.0	813.0	15.0	0.0	0.0	703717.0	6318078.0
GmC02044_CKDL210018111-1a-AK3905-7UDI243_HH72GDSX2_L1_clmp_fp2_r2_screen	7391.0	124507.0	9644.0	13973.0	15347.0	1855.0	950.0	784.0	5.0	0.0	0.0	705614.0	6315919.0
GmC02048_CKDL210018111-1a-AK7759-AK9148_HH72GDSX2_L1_clmp_fp2_r1_screen	55.0	628.0	92.0	44.0	170.0	13.0	9.0	5.0	0.0	0.0	0.0	6190.0	40478.0
GmC02048_CKDL210018111-1a-AK7759-AK9148_HH72GDSX2_L1_clmp_fp2_r2_screen	54.0	716.0	74.0	63.0	121.0	18.0	10.0	12.0	0.0	0.0	0.0	6247.0	40369.0
GmC02049_CKDL210018111-1a-AK8410-AK892_HH72GDSX2_L1_clmp_fp2_r1_screen	5583.0	6551.0	738.0	654.0	1075.0	154.0	56.0	94.0	2.0	0.0	0.0	50972.0	461149.0
GmC02049_CKDL210018111-1a-AK8410-AK892_HH72GDSX2_L1_clmp_fp2_r2_screen	5557.0	6723.0	716.0	632.0	1144.0	165.0	68.0	94.0	1.0	0.0	0.0	52360.0	459568.0
GmC02050_CKDL210018111-1a-AK3905-AK9148_HH72GDSX2_L1_clmp_fp2_r1_screen	245.0	5364.0	759.0	457.0	976.0	86.0	75.0	51.0	0.0	0.0	0.0	39971.0	438667.0
GmC02050_CKDL210018111-1a-AK3905-AK9148_HH72GDSX2_L1_clmp_fp2_r2_screen	250.0	5551.0	725.0	489.0	980.0	129.0	62.0	42.0	0.0	0.0	0.0	40146.0	438277.0
GmC02052_CKDL210018111-1a-AK6881-7UDI298_HH72GDSX2_L1_clmp_fp2_r1_screen	3475.0	64721.0	6713.0	6273.0	13736.0	1887.0	558.0	832.0	9.0	0.0	0.0	556632.0	3687574.0
GmC02052_CKDL210018111-1a-AK6881-7UDI298_HH72GDSX2_L1_clmp_fp2_r2_screen	3498.0	66411.0	7031.0	6602.0	14411.0	2007.0	594.0	894.0	5.0	0.0	0.0	562936.0	3678021.0
GmC02054_CKDL210018111-1a-AK3905-AK8544_HH72GDSX2_L1_clmp_fp2_r1_screen	26.0	287.0	29.0	33.0	29.0	3.0	0.0	3.0	0.0	0.0	0.0	1634.0	20220.0
GmC02054_CKDL210018111-1a-AK3905-AK8544_HH72GDSX2_L1_clmp_fp2_r2_screen	37.0	264.0	35.0	27.0	23.0	3.0	2.0	3.0	0.0	0.0	0.0	1621.0	20249.0
GmC02056_CKDL210018111-1a-AK8410-AK4997_HH72GDSX2_L1_clmp_fp2_r1_screen	11053.0	70516.0	7007.0	7379.0	12824.0	1686.0	559.0	1251.0	15.0	0.0	0.0	574658.0	4345636.0
GmC02056_CKDL210018111-1a-AK8410-AK4997_HH72GDSX2_L1_clmp_fp2_r2_screen	11166.0	71027.0	7050.0	7840.0	12776.0	1852.0	628.0	1306.0	8.0	0.0	0.0	576818.0	4342113.0
GmC02057_CKDL210018111-1a-AK7010-7UDI227_HH72GDSX2_L1_clmp_fp2_r1_screen	1.0	24.0	1.0	0.0	0.0	0.0	0.0	0.0	0.0	0.0	0.0	79.0	1144.0
GmC02057_CKDL210018111-1a-AK7010-7UDI227_HH72GDSX2_L1_clmp_fp2_r2_screen	1.0	21.0	0.0	1.0	1.0	0.0	0.0	0.0	0.0	0.0	0.0	82.0	1143.0
GmC02059_CKDL210018111-1a-AK8410-AK8544_HH72GDSX2_L1_clmp_fp2_r1_screen	10115.0	57625.0	6641.0	5340.0	10178.0	1269.0	557.0	959.0	11.0	0.0	0.0	463440.0	3660200.0
GmC02059_CKDL210018111-1a-AK8410-AK8544_HH72GDSX2_L1_clmp_fp2_r2_screen	10245.0	59503.0	6537.0	5495.0	10143.0	1550.0	543.0	1068.0	2.0	0.0	0.0	467374.0	3653875.0
GmC02063_CKDL210018111-1a-AK6881-AK8544_HH72GDSX2_L1_clmp_fp2_r1_screen	3233.0	44692.0	5764.0	4329.0	9196.0	1084.0	562.0	583.0	5.0	0.0	0.0	376640.0	3243633.0
GmC02063_CKDL210018111-1a-AK6881-AK8544_HH72GDSX2_L1_clmp_fp2_r2_screen	3278.0	46027.0	5745.0	4461.0	9679.0	1217.0	541.0	659.0	7.0	0.0	0.0	378163.0	3239944.0
GmC02064_CKDL210018111-1a-AK6260-7UDI298_HH72GDSX2_L1_clmp_fp2_r1_screen	0.0	42.0	8.0	2.0	8.0	2.0	0.0	1.0	0.0	0.0	0.0	428.0	2290.0
GmC02064_CKDL210018111-1a-AK6260-7UDI298_HH72GDSX2_L1_clmp_fp2_r2_screen	2.0	39.0	1.0	3.0	4.0	0.0	1.0	0.0	0.0	0.0	0.0	415.0	2316.0
GmC02066_CKDL210018111-1a-AK3905-AK4997_HH72GDSX2_L1_clmp_fp2_r1_screen	16.0	189.0	14.0	26.0	33.0	4.0	1.0	2.0	0.0	0.0	0.0	1161.0	12429.0
GmC02066_CKDL210018111-1a-AK3905-AK4997_HH72GDSX2_L1_clmp_fp2_r2_screen	16.0	210.0	20.0	20.0	46.0	9.0	5.0	1.0	0.0	0.0	0.0	1137.0	12411.0
GmC02068_CKDL210018111-1a-AK7759-AK8544_HH72GDSX2_L1_clmp_fp2_r1_screen	119.0	1050.0	105.0	105.0	211.0	22.0	5.0	10.0	0.0	0.0	0.0	8291.0	63490.0
GmC02068_CKDL210018111-1a-AK7759-AK8544_HH72GDSX2_L1_clmp_fp2_r2_screen	103.0	1056.0	93.0	106.0	238.0	36.0	9.0	12.0	0.0	0.0	0.0	8676.0	63079.0
GmC02069_CKDL210018111-1a-AK8410-7UDI298_HH72GDSX2_L1_clmp_fp2_r1_screen	2103.0	1159.0	135.0	121.0	116.0	8.0	13.0	22.0	0.0	0.0	0.0	8041.0	82099.0
GmC02069_CKDL210018111-1a-AK8410-7UDI298_HH72GDSX2_L1_clmp_fp2_r2_screen	2066.0	1166.0	110.0	108.0	120.0	18.0	13.0	11.0	0.0	0.0	0.0	8331.0	81874.0
GmC02072_CKDL210018111-1a-AK8410-AK9148_HH72GDSX2_L1_clmp_fp2_r1_screen	7388.0	52682.0	6417.0	4502.0	6211.0	901.0	672.0	603.0	9.0	0.0	0.0	326692.0	3704007.0
GmC02072_CKDL210018111-1a-AK8410-AK9148_HH72GDSX2_L1_clmp_fp2_r2_screen	7318.0	54233.0	6501.0	4777.0	6046.0	1050.0	679.0	663.0	9.0	0.0	0.0	331788.0	3697020.0
GmC02075_CKDL210018111-1a-AK9142-7UDI227_HH72GDSX2_L1_clmp_fp2_r1_screen	11.0	147.0	17.0	19.0	14.0	3.0	1.0	1.0	0.0	0.0	0.0	811.0	13749.0
GmC02075_CKDL210018111-1a-AK9142-7UDI227_HH72GDSX2_L1_clmp_fp2_r2_screen	12.0	143.0	30.0	9.0	15.0	4.0	2.0	1.0	0.0	0.0	0.0	839.0	13718.0
GmC02077_CKDL210018111-1a-AK7761-7UDI298_HH72GDSX2_L1_clmp_fp2_r1_screen	15.0	266.0	36.0	30.0	40.0	5.0	8.0	1.0	0.0	0.0	0.0	1499.0	19156.0
GmC02077_CKDL210018111-1a-AK7761-7UDI298_HH72GDSX2_L1_clmp_fp2_r2_screen	22.0	321.0	24.0	26.0	22.0	8.0	0.0	3.0	0.0	0.0	0.0	1524.0	19106.0
GmC02080_CKDL210018111-1a-AK9141-AK8544_HH72GDSX2_L1_clmp_fp2_r1_screen	1.0	32.0	5.0	6.0	6.0	1.0	0.0	0.0	0.0	0.0	0.0	181.0	2339.0
GmC02080_CKDL210018111-1a-AK9141-AK8544_HH72GDSX2_L1_clmp_fp2_r2_screen	2.0	25.0	3.0	2.0	7.0	0.0	0.0	0.0	0.0	0.0	0.0	185.0	2347.0
GmC02082_CKDL210018111-1a-AK3905-AK892_HH72GDSX2_L1_clmp_fp2_r1_screen	120.0	2450.0	261.0	256.0	207.0	35.0	20.0	26.0	0.0	0.0	0.0	13040.0	165565.0
GmC02082_CKDL210018111-1a-AK3905-AK892_HH72GDSX2_L1_clmp_fp2_r2_screen	139.0	2465.0	229.0	220.0	224.0	27.0	27.0	31.0	0.0	0.0	0.0	12962.0	165656.0
GmC02083_CKDL210018111-1a-AK3905-AK33_HH72GDSX2_L1_clmp_fp2_r1_screen	1732.0	49208.0	5260.0	4664.0	4536.0	468.0	630.0	375.0	15.0	0.0	0.0	256579.0	3719867.0
GmC02083_CKDL210018111-1a-AK3905-AK33_HH72GDSX2_L1_clmp_fp2_r2_screen	1692.0	50235.0	5327.0	4715.0	4453.0	549.0	647.0	391.0	7.0	0.0	0.0	257877.0	3717441.0
GmC02086_CKDL210018111-1a-AK7759-AK33_HH72GDSX2_L1_clmp_fp2_r1_screen	5343.0	67400.0	7538.0	6383.0	11533.0	1373.0	752.0	853.0	11.0	0.0	0.0	501764.0	5462937.0
GmC02086_CKDL210018111-1a-AK7759-AK33_HH72GDSX2_L1_clmp_fp2_r2_screen	5277.0	67738.0	7626.0	6801.0	12354.0	1564.0	821.0	820.0	6.0	0.0	0.0	504189.0	5458691.0
GmC02087_CKDL210018111-1a-AK8410-AK33_HH72GDSX2_L1_clmp_fp2_r1_screen	2859.0	80406.0	9042.0	6800.0	9676.0	1005.0	1045.0	732.0	6.0	0.0	0.0	459012.0	6033386.0
GmC02087_CKDL210018111-1a-AK8410-AK33_HH72GDSX2_L1_clmp_fp2_r2_screen	2940.0	81777.0	9224.0	7297.0	9732.0	1107.0	1018.0	779.0	11.0	0.0	0.0	465284.0	6024800.0
GmC02092_CKDL210018111-1a-AK9141-AK892_HH72GDSX2_L1_clmp_fp2_r1_screen	54.0	1137.0	140.0	93.0	182.0	13.0	15.0	12.0	0.0	0.0	0.0	7628.0	92081.0
GmC02092_CKDL210018111-1a-AK9141-AK892_HH72GDSX2_L1_clmp_fp2_r2_screen	51.0	1144.0	144.0	125.0	151.0	23.0	17.0	10.0	0.0	0.0	0.0	7762.0	91928.0
GmC02095_CKDL210018111-1a-AK7761-7UDI227_HH72GDSX2_L1_clmp_fp2_r1_screen	216.0	2903.0	313.0	286.0	278.0	26.0	23.0	32.0	0.0	0.0	0.0	16350.0	203553.0
GmC02095_CKDL210018111-1a-AK7761-7UDI227_HH72GDSX2_L1_clmp_fp2_r2_screen	201.0	2997.0	304.0	268.0	239.0	26.0	41.0	22.0	0.0	0.0	0.0	16307.0	203575.0
