Sample	total_reads	Human counts	Human percentage	Ecoli counts	Ecoli percentage	PhiX counts	PhiX percentage	Contamnts_Adaptrs counts	Contamnts_Adaptrs percentage	Vectors counts	Vectors percentage	Bacteria_24k counts	Bacteria_24k percentage	Protists_1k counts	Protists_1k percentage	Viruses counts	Viruses percentage	Fungi_RefSeq_release counts	Fungi_RefSeq_release percentage	Coral counts	Coral percentage	Bird counts	Bird percentage	Plant counts	Plant percentage	No hits counts	No hits percentage
GmA01001_CKDL210018111-1a-5UDI301-AK533_HH72GDSX2_L1_clmp_fp2_r1_screen	1719899	317860.0	18.48	118.0	0.01	0.0	0.0	72.0	0.0	12430.0	0.72	105837.0	6.15	164222.0	9.55	39447.0	2.29	71202.0	4.13	34277.0	1.99	43187.0	2.51	38526.0	2.2399999999999998	1309015	76.11
GmA01001_CKDL210018111-1a-5UDI301-AK533_HH72GDSX2_L1_clmp_fp2_r2_screen	1719899	316242.0	18.39	113.0	0.01	0.0	0.0	4.0	0.0	12185.0	0.7	104868.0	6.1000000000000005	162484.0	9.45	38932.0	2.2600000000000002	70414.0	4.09	34058.0	1.98	42942.0	2.5	38421.0	2.23	1311250	76.24
GmA01002_CKDL210018111-1a-5UDI301-AK8488_HH72GDSX2_L1_clmp_fp2_r1_screen	1426796	109581.0	7.68	128.0	0.01	0.0	0.0	64.0	0.0	15106.0	1.05	109836.0	7.699999999999999	121292.0	8.5	42168.0	2.95	65111.0	4.5600000000000005	39001.0	2.74	48049.0	3.3600000000000003	46701.0	3.27	1219054	85.44
GmA01002_CKDL210018111-1a-5UDI301-AK8488_HH72GDSX2_L1_clmp_fp2_r2_screen	1426796	109234.0	7.66	122.0	0.01	0.0	0.0	1.0	0.0	15057.0	1.05	109061.0	7.640000000000001	120373.0	8.43	41906.0	2.93	64719.0	4.53	38775.0	2.72	47724.0	3.35	46413.0	3.25	1220053	85.51
GmA01003_CKDL210018111-1a-5UDI301-AK4236_HH72GDSX2_L1_clmp_fp2_r1_screen	1797850	206793.0	11.49	111.0	0.0	1.0	0.0	97.0	0.01	22873.0	1.27	0.0	0.0	0.0	0.0	64945.0	3.6100000000000003	98976.0	5.5	57210.0	3.17	71732.0	3.99	69460.0	3.86	1577972	87.77
GmA01003_CKDL210018111-1a-5UDI301-AK4236_HH72GDSX2_L1_clmp_fp2_r2_screen	1797850	205402.0	11.420000000000002	106.0	0.0	1.0	0.0	3.0	0.0	22675.0	1.26	126051.0	7.0	177013.0	9.850000000000001	64062.0	3.56	98370.0	5.48	56861.0	3.16	71061.0	3.9400000000000004	68819.0	3.82	1488260	82.78
GmA01004_CKDL210018111-1a-AK7078-AK4234_HH72GDSX2_L1_clmp_fp2_r1_screen	6709305	285367.0	4.25	1963.0	0.03	0.0	0.0	261.0	0.0	46968.0	0.7	1201679.0	17.91	499187.0	7.44	157783.0	2.3400000000000003	275272.0	4.11	154147.0	2.3	196081.0	2.92	190900.0	2.84	5231245	77.97
GmA01004_CKDL210018111-1a-AK7078-AK4234_HH72GDSX2_L1_clmp_fp2_r2_screen	6709305	285690.0	4.25	1776.0	0.02	0.0	0.0	18.0	0.0	46287.0	0.6900000000000001	1191470.0	17.759999999999998	497197.0	7.42	157643.0	2.3400000000000003	275139.0	4.1	154029.0	2.29	196169.0	2.93	191501.0	2.85	5240638	78.11
GmA01010_CKDL210018111-1a-AK7758-AK4234_HH72GDSX2_L1_clmp_fp2_r1_screen	3294309	234818.0	7.14	194.0	0.0	0.0	0.0	128.0	0.0	38742.0	1.18	173321.0	5.26	264366.0	8.030000000000001	101658.0	3.08	166558.0	5.06	95989.0	2.92	120373.0	3.66	116804.0	3.54	2910851	88.36
GmA01010_CKDL210018111-1a-AK7758-AK4234_HH72GDSX2_L1_clmp_fp2_r2_screen	3294309	234476.0	7.12	178.0	0.0	0.0	0.0	5.0	0.0	38208.0	1.16	172858.0	5.25	265338.0	8.059999999999999	101621.0	3.09	166863.0	5.06	95928.0	2.9099999999999997	120480.0	3.66	116357.0	3.5300000000000002	2910522	88.35
GmA01011_CKDL210018111-1a-AK7758-GD06_HH72GDSX2_L1_clmp_fp2_r1_screen	5744345	526037.0	9.16	115.0	0.0	0.0	0.0	173.0	0.0	88440.0	1.54	314051.0	5.46	621504.0	10.82	277729.0	4.84	455676.0	7.94	280743.0	4.88	342881.0	5.9799999999999995	337059.0	5.87	5010792	87.23
GmA01011_CKDL210018111-1a-AK7758-GD06_HH72GDSX2_L1_clmp_fp2_r2_screen	5744345	526145.0	9.16	110.0	0.0	0.0	0.0	6.0	0.0	87089.0	1.51	313370.0	5.45	623778.0	10.85	276915.0	4.83	456847.0	7.95	279877.0	4.87	343044.0	5.9799999999999995	337384.0	5.87	5008494	87.19
GmA01013_CKDL210018111-1a-5UDI301-AK7557_HH72GDSX2_L1_clmp_fp2_r1_screen	3347260	253866.0	7.59	152.0	0.0	0.0	0.0	95.0	0.0	36528.0	1.09	187749.0	5.6	267894.0	8.01	102829.0	3.0700000000000003	160238.0	4.78	95002.0	2.84	117930.0	3.52	114386.0	3.41	2935547	87.7
GmA01014_CKDL210018111-1a-5UDI301-GC06_HH72GDSX2_L1_clmp_fp2_r1_screen	5816661	293233.0	5.05	64.0	0.0	0.0	0.0	229.0	0.0	38621.0	0.66	183080.0	3.15	384888.0	6.609999999999999	146806.0	2.52	266356.0	4.58	156908.0	2.7	194059.0	3.34	186010.0	3.1999999999999997	5360634	92.16
GmA01014_CKDL210018111-1a-5UDI301-GC06_HH72GDSX2_L1_clmp_fp2_r2_screen	5816661	292824.0	5.029999999999999	68.0	0.0	0.0	0.0	8.0	0.0	38038.0	0.65	182039.0	3.1300000000000003	384969.0	6.62	145966.0	2.51	265661.0	4.57	156007.0	2.6799999999999997	192941.0	3.31	185074.0	3.18	5360634	92.16
GmA01015_CKDL210018111-1a-5UDI301-AK10343_HH72GDSX2_L1_clmp_fp2_r1_screen	2272110	29113.0	1.28	271.0	0.01	0.0	0.0	61.0	0.0	1819.0	0.08	118362.0	5.21	72825.0	3.1999999999999997	13060.0	0.58	18970.0	0.8300000000000001	11282.0	0.49	12895.0	0.5700000000000001	11746.0	0.51	2110790	92.9
GmA01015_CKDL210018111-1a-5UDI301-AK10343_HH72GDSX2_L1_clmp_fp2_r2_screen	2272110	28916.0	1.28	268.0	0.01	0.0	0.0	5.0	0.0	1711.0	0.07	117784.0	5.1899999999999995	72461.0	3.1899999999999995	12933.0	0.57	18859.0	0.8200000000000001	11298.0	0.49	12797.0	0.5700000000000001	11625.0	0.51	2111699	92.94
GmA01016_CKDL210018111-1a-5UDI301-AK4234_HH72GDSX2_L1_clmp_fp2_r1_screen	10358147	391475.0	3.7700000000000005	63.0	0.0	2.0	0.0	188.0	0.0	103800.0	1.0	238948.0	2.3	446491.0	4.31	221373.0	2.1399999999999997	337051.0	3.2600000000000002	228174.0	2.21	271166.0	2.6100000000000003	258112.0	2.5	9825738	94.86
GmA01016_CKDL210018111-1a-5UDI301-AK4234_HH72GDSX2_L1_clmp_fp2_r2_screen	10358147	390839.0	3.77	75.0	0.0	0.0	0.0	7.0	0.0	102753.0	0.99	237912.0	2.29	446408.0	4.3100000000000005	220197.0	2.13	336330.0	3.25	227088.0	2.2	270348.0	2.61	257069.0	2.48	9826774	94.87
GmA01017_CKDL210018111-1a-AK7078-GD06_HH72GDSX2_L1_clmp_fp2_r1_screen	6552110	275986.0	4.21	2409.0	0.03	0.0	0.0	135.0	0.0	41855.0	0.64	1494690.0	22.810000000000002	550269.0	8.399999999999999	146800.0	2.2399999999999998	255027.0	3.89	139484.0	2.13	177515.0	2.6999999999999997	174485.0	2.66	4772556	72.84
GmA01017_CKDL210018111-1a-AK7078-GD06_HH72GDSX2_L1_clmp_fp2_r2_screen	6552110	276713.0	4.22	2445.0	0.03	0.0	0.0	1.0	0.0	41252.0	0.63	1479219.0	22.57	547167.0	8.35	146243.0	2.23	255331.0	3.9	139594.0	2.13	177280.0	2.7	174604.0	2.66	4786971	73.06
GmA01018_CKDL210018111-1a-AK7758-AK7557_HH72GDSX2_L1_clmp_fp2_r1_screen	3439256	280290.0	8.15	189.0	0.0	0.0	0.0	86.0	0.0	16425.0	0.48	153512.0	4.460000000000001	233087.0	6.779999999999999	59884.0	1.75	113652.0	3.3	56640.0	1.65	72813.0	2.12	68111.0	1.98	2992840	87.02
GmA01018_CKDL210018111-1a-AK7758-AK7557_HH72GDSX2_L1_clmp_fp2_r2_screen	3439256	279887.0	8.120000000000001	166.0	0.0	0.0	0.0	2.0	0.0	16186.0	0.47000000000000003	0.0	0.0	0.0	0.0	59299.0	1.72	113879.0	3.32	56462.0	1.64	72753.0	2.12	67980.0	1.99	3138665	91.26
GmA01026_CKDL210018111-1a-AK7078-AK8488_HH72GDSX2_L1_clmp_fp2_r1_screen	5008994	181804.0	3.63	1925.0	0.03	0.0	0.0	104.0	0.0	27287.0	0.54	1209886.0	24.160000000000004	384743.0	7.68	94246.0	1.8699999999999999	165067.0	3.29	89853.0	1.8	114161.0	2.27	111862.0	2.23	3603470	71.94
GmA01026_CKDL210018111-1a-AK7078-AK8488_HH72GDSX2_L1_clmp_fp2_r2_screen	5008994	182372.0	3.64	1834.0	0.03	0.0	0.0	2.0	0.0	27038.0	0.54	1202602.0	24.02	383269.0	7.66	94464.0	1.88	165781.0	3.31	90364.0	1.8	114466.0	2.28	112432.0	2.24	3610983	72.09
GmA01027_CKDL210018111-1a-AK7078-AK4236_HH72GDSX2_L1_clmp_fp2_r1_screen	3977624	167140.0	4.21	1419.0	0.03	0.0	0.0	171.0	0.0	28989.0	0.73	785773.0	19.76	314769.0	7.91	90903.0	2.29	161862.0	4.07	86859.0	2.19	112213.0	2.81	110904.0	2.78	3021800	75.97
GmA01027_CKDL210018111-1a-AK7078-AK4236_HH72GDSX2_L1_clmp_fp2_r2_screen	3977624	166822.0	4.2	1338.0	0.03	0.0	0.0	5.0	0.0	28569.0	0.71	775727.0	19.5	312396.0	7.859999999999999	90420.0	2.28	161619.0	4.06	86886.0	2.19	112203.0	2.81	110419.0	2.77	3031347	76.21
GmA01028_CKDL210018111-1a-5UDI301-GD06_HH72GDSX2_L1_clmp_fp2_r1_screen	4569724	229559.0	5.03	292.0	0.01	0.0	0.0	105.0	0.0	35346.0	0.77	223692.0	4.9	337232.0	7.38	118952.0	2.6100000000000003	207335.0	4.529999999999999	120600.0	2.64	150819.0	3.29	149257.0	3.2600000000000002	4118235	90.12
GmA01028_CKDL210018111-1a-5UDI301-GD06_HH72GDSX2_L1_clmp_fp2_r2_screen	4569724	229075.0	5.0200000000000005	287.0	0.01	0.0	0.0	2.0	0.0	34817.0	0.76	222349.0	4.869999999999999	337439.0	7.3999999999999995	117967.0	2.5900000000000003	207054.0	4.53	119902.0	2.63	150154.0	3.2800000000000002	148369.0	3.24	4118692	90.13
GmA01029_CKDL210018111-1a-AK7758-AK533_HH72GDSX2_L1_clmp_fp2_r1_screen	3279679	230552.0	7.040000000000001	252.0	0.01	0.0	0.0	96.0	0.0	23269.0	0.71	199264.0	6.07	242272.0	7.39	75581.0	2.29	125929.0	3.83	70275.0	2.15	87130.0	2.6599999999999997	84509.0	2.58	2855616	87.07
GmA01029_CKDL210018111-1a-AK7758-AK533_HH72GDSX2_L1_clmp_fp2_r2_screen	3279679	230264.0	7.01	256.0	0.01	0.0	0.0	4.0	0.0	22830.0	0.6900000000000001	198202.0	6.04	242585.0	7.39	75087.0	2.2899999999999996	126317.0	3.8499999999999996	70005.0	2.13	87114.0	2.65	84370.0	2.5700000000000003	2855616	87.07
GmA01030_CKDL210018111-1a-AK7758-AK8488_HH72GDSX2_L1_clmp_fp2_r1_screen	3156956	124128.0	3.92	107.0	0.0	0.0	0.0	87.0	0.0	14140.0	0.45	98183.0	3.1	171543.0	5.43	48483.0	1.54	90277.0	2.87	47791.0	1.52	61275.0	1.9300000000000002	57968.0	1.83	2911660	92.23
GmA01030_CKDL210018111-1a-AK7758-AK8488_HH72GDSX2_L1_clmp_fp2_r2_screen	3156956	124324.0	3.9299999999999997	88.0	0.0	0.0	0.0	2.0	0.0	13900.0	0.44	0.0	0.0	0.0	0.0	48633.0	1.54	90538.0	2.8699999999999997	47977.0	1.52	61573.0	1.9600000000000002	58403.0	1.8499999999999999	3012051	95.41
GmA01031_CKDL210018111-1a-AK7758-AK4236_HH72GDSX2_L1_clmp_fp2_r1_screen	15141586	665132.0	4.390000000000001	80.0	0.0	1.0	0.0	294.0	0.0	213591.0	1.41	443884.0	2.94	833887.0	5.51	428267.0	2.83	644540.0	4.25	442831.0	2.93	525203.0	3.4699999999999998	503070.0	3.3200000000000003	14227034	93.96
GmA01031_CKDL210018111-1a-AK7758-AK4236_HH72GDSX2_L1_clmp_fp2_r2_screen	15141586	666383.0	4.4	83.0	0.0	1.0	0.0	12.0	0.0	211691.0	1.4	442865.0	2.93	836553.0	5.53	426265.0	2.81	645621.0	4.27	441427.0	2.92	524293.0	3.46	503191.0	3.32	14224005	93.94
GmA01032_CKDL210018111-1a-AK7758-AK10343_HH72GDSX2_L1_clmp_fp2_r1_screen	5354691	253887.0	4.75	110.0	0.0	1.0	0.0	204.0	0.0	36109.0	0.67	175708.0	3.29	348943.0	6.5200000000000005	130633.0	2.4400000000000004	224038.0	4.18	130744.0	2.45	164777.0	3.08	159132.0	2.96	4929528	92.06
GmA01032_CKDL210018111-1a-AK7758-AK10343_HH72GDSX2_L1_clmp_fp2_r2_screen	5354691	253998.0	4.73	120.0	0.0	1.0	0.0	6.0	0.0	35539.0	0.66	175315.0	3.27	349746.0	6.54	130079.0	2.43	224515.0	4.2	130727.0	2.4400000000000004	164463.0	3.0700000000000003	159062.0	2.96	4928993	92.05
GmA01033_CKDL210018111-1a-AK9143-AK4234_HH72GDSX2_L1_clmp_fp2_r1_screen	10259406	380442.0	3.71	191.0	0.0	1.0	0.0	220.0	0.0	70928.0	0.6900000000000001	241336.0	2.35	355808.0	3.47	158317.0	1.54	251661.0	2.46	159459.0	1.5499999999999998	192952.0	1.88	182577.0	1.79	9710527	94.65
GmA01033_CKDL210018111-1a-AK9143-AK4234_HH72GDSX2_L1_clmp_fp2_r2_screen	10259406	380109.0	3.71	172.0	0.0	1.0	0.0	8.0	0.0	70261.0	0.6900000000000001	240249.0	2.34	355623.0	3.4699999999999998	157354.0	1.53	251501.0	2.4499999999999997	158898.0	1.54	192770.0	1.88	181867.0	1.7799999999999998	9710527	94.65
GmA01035_CKDL210018111-1a-AK7078-AK533_HH72GDSX2_L1_clmp_fp2_r1_screen	8341735	365509.0	4.38	106.0	0.0	0.0	0.0	260.0	0.0	69691.0	0.83	238270.0	2.8600000000000003	493627.0	5.92	199268.0	2.39	341691.0	4.1000000000000005	205427.0	2.46	254855.0	3.06	245604.0	2.9299999999999997	7769491	93.14
GmA01035_CKDL210018111-1a-AK7078-AK533_HH72GDSX2_L1_clmp_fp2_r2_screen	8341735	365578.0	4.38	104.0	0.0	0.0	0.0	10.0	0.0	68794.0	0.8200000000000001	237964.0	2.8600000000000003	494588.0	5.93	198852.0	2.38	342492.0	4.11	204891.0	2.46	254576.0	3.0500000000000003	245658.0	2.9400000000000004	7768657	93.13
GmA01037_CKDL210018111-1a-AK7078-AK7557_HH72GDSX2_L1_clmp_fp2_r1_screen	14531624	773615.0	5.33	171.0	0.0	10.0	0.0	225.0	0.0	145181.0	1.0	523982.0	3.6	1067040.0	7.34	423732.0	2.92	742947.0	5.11	430076.0	2.9499999999999997	543680.0	3.74	529747.0	3.65	13306608	91.57
GmA01037_CKDL210018111-1a-AK7078-AK7557_HH72GDSX2_L1_clmp_fp2_r2_screen	14531624	774131.0	5.33	191.0	0.0	3.0	0.0	13.0	0.0	144016.0	1.0	523341.0	3.6	1069267.0	7.35	421325.0	2.9	743221.0	5.1000000000000005	428722.0	2.9499999999999997	542131.0	3.73	528817.0	3.6399999999999997	13305154	91.56
GmA01039_CKDL210018111-1a-AK7078-AK10343_HH72GDSX2_L1_clmp_fp2_r1_screen	8705899	409687.0	4.7	1049.0	0.01	0.0	0.0	215.0	0.0	61764.0	0.71	798107.0	9.17	631396.0	7.25	211431.0	2.43	378873.0	4.359999999999999	218520.0	2.5100000000000002	274412.0	3.1500000000000004	265950.0	3.06	7510579	86.27
GmA01039_CKDL210018111-1a-AK7078-AK10343_HH72GDSX2_L1_clmp_fp2_r2_screen	8705899	410140.0	4.72	1004.0	0.01	0.0	0.0	8.0	0.0	61343.0	0.7	793336.0	9.11	632167.0	7.26	210556.0	2.4200000000000004	379679.0	4.37	218259.0	2.5	274428.0	3.1500000000000004	265787.0	3.0500000000000003	7513190	86.3
GmA01041_CKDL210018111-1a-AK9143-AK533_HH72GDSX2_L1_clmp_fp2_r1_screen	8734708	238241.0	2.7199999999999998	934.0	0.01	0.0	0.0	196.0	0.0	46045.0	0.52	647379.0	7.41	311757.0	3.58	108489.0	1.24	163405.0	1.8699999999999999	104869.0	1.2000000000000002	125102.0	1.4300000000000002	119664.0	1.37	7890061	90.33
GmA01041_CKDL210018111-1a-AK9143-AK533_HH72GDSX2_L1_clmp_fp2_r2_screen	8734708	237872.0	2.7199999999999998	903.0	0.01	0.0	0.0	7.0	0.0	45653.0	0.52	644836.0	7.37	311745.0	3.57	107794.0	1.24	163198.0	1.8699999999999999	104674.0	1.2000000000000002	124909.0	1.42	119548.0	1.37	7892682	90.36
GmA01042_CKDL210018111-1a-AK7758-GC06_HH72GDSX2_L1_clmp_fp2_r1_screen	4268484	232291.0	5.44	80.0	0.0	0.0	0.0	160.0	0.0	28634.0	0.67	0.0	0.0	0.0	0.0	105760.0	2.4699999999999998	187102.0	4.37	107453.0	2.52	134413.0	3.1500000000000004	129096.0	3.02	4004691	93.82
GmA01042_CKDL210018111-1a-AK7758-GC06_HH72GDSX2_L1_clmp_fp2_r2_screen	4268484	232420.0	5.4399999999999995	86.0	0.0	0.0	0.0	1.0	0.0	28127.0	0.66	140040.0	3.2800000000000002	294299.0	6.9	105683.0	2.47	187616.0	4.3999999999999995	107784.0	2.52	134279.0	3.14	129333.0	3.02	3897552	91.31
GmA01055_CKDL210018111-1a-AK9143-AK4236_HH72GDSX2_L1_clmp_fp2_r1_screen	9928027	173396.0	1.74	1207.0	0.01	2.0	0.0	134.0	0.0	43889.0	0.44	797629.0	8.03	323594.0	3.2600000000000002	105429.0	1.06	157466.0	1.5899999999999999	99434.0	1.0	122183.0	1.23	117376.0	1.1800000000000002	8977914	90.43
GmA01055_CKDL210018111-1a-AK9143-AK4236_HH72GDSX2_L1_clmp_fp2_r2_screen	9928027	173669.0	1.74	1119.0	0.01	0.0	0.0	4.0	0.0	43785.0	0.44	793591.0	7.989999999999999	322775.0	3.25	105306.0	1.05	157576.0	1.5899999999999999	99368.0	1.0	121997.0	1.2200000000000002	117577.0	1.1800000000000002	8982878	90.48
GmA01060_CKDL210018111-1a-5UDI225-AK533_HH72GDSX2_L1_clmp_fp2_r1_screen	14455516	282364.0	1.95	989.0	0.01	0.0	0.0	205.0	0.0	77085.0	0.53	793860.0	5.49	434228.0	3.01	173370.0	1.2000000000000002	267881.0	1.8599999999999999	172789.0	1.1900000000000002	207182.0	1.4300000000000002	196402.0	1.36	13437847	92.96
GmA01060_CKDL210018111-1a-5UDI225-AK533_HH72GDSX2_L1_clmp_fp2_r2_screen	14455516	282450.0	1.95	964.0	0.01	0.0	0.0	9.0	0.0	76400.0	0.53	791940.0	5.470000000000001	435287.0	3.01	172685.0	1.1900000000000002	268254.0	1.8599999999999999	172349.0	1.1900000000000002	207268.0	1.4300000000000002	196210.0	1.36	13439293	92.97
GmA01065_CKDL210018111-1a-AK9143-AK7557_HH72GDSX2_L1_clmp_fp2_r1_screen	26942739	492304.0	1.83	3441.0	0.01	10.0	0.0	363.0	0.0	106299.0	0.4	2509765.0	9.32	1034428.0	3.84	305664.0	1.1300000000000001	475263.0	1.76	294394.0	1.09	360534.0	1.3399999999999999	348507.0	1.2999999999999998	23954789	88.91
GmA01065_CKDL210018111-1a-AK9143-AK7557_HH72GDSX2_L1_clmp_fp2_r2_screen	26942739	492551.0	1.83	3320.0	0.01	7.0	0.0	8.0	0.0	105544.0	0.4	2497007.0	9.27	1030692.0	3.8200000000000003	304216.0	1.1300000000000001	474962.0	1.76	294495.0	1.09	361084.0	1.3399999999999999	347953.0	1.29	23968260	88.96
GmA01074_CKDL210018111-1a-AK7078-GC06_HH72GDSX2_L1_clmp_fp2_r1_screen	7409578	31939.0	0.43	1755.0	0.02	2.0	0.0	105.0	0.0	7861.0	0.1	893740.0	12.059999999999999	172566.0	2.3200000000000003	24234.0	0.33	32117.0	0.44	17865.0	0.24	20959.0	0.29	21001.0	0.28	6468561	87.3
GmA01074_CKDL210018111-1a-AK7078-GC06_HH72GDSX2_L1_clmp_fp2_r2_screen	7409578	31660.0	0.43	1641.0	0.02	0.0	0.0	6.0	0.0	7530.0	0.1	885351.0	11.95	169402.0	2.2800000000000002	23976.0	0.33	31526.0	0.43000000000000005	17547.0	0.22999999999999998	20863.0	0.29	20742.0	0.28	6477453	87.42
GmA01078_CKDL210018111-1a-AK9143-GC06_HH72GDSX2_L1_clmp_fp2_r1_screen	24221456	569177.0	2.35	277.0	0.0	0.0	0.0	428.0	0.0	171416.0	0.71	471613.0	1.94	706758.0	2.92	367308.0	1.51	549768.0	2.28	369473.0	1.52	445926.0	1.8399999999999999	424625.0	1.7599999999999998	23356750	96.43
GmA01078_CKDL210018111-1a-AK9143-GC06_HH72GDSX2_L1_clmp_fp2_r2_screen	24221456	570342.0	2.35	240.0	0.0	0.0	0.0	17.0	0.0	170482.0	0.71	470938.0	1.94	709210.0	2.93	366761.0	1.51	550978.0	2.28	369612.0	1.52	446205.0	1.8399999999999999	424551.0	1.7599999999999998	23354327	96.42
GmA01079_CKDL210018111-1a-AK9143-AK10343_HH72GDSX2_L1_clmp_fp2_r1_screen	17175839	361895.0	2.11	312.0	0.0	0.0	0.0	289.0	0.0	103066.0	0.6	387884.0	2.27	469064.0	2.7300000000000004	224898.0	1.31	350123.0	2.0500000000000003	231735.0	1.3399999999999999	279479.0	1.63	264346.0	1.54	16518004	96.17
GmA01079_CKDL210018111-1a-AK9143-AK10343_HH72GDSX2_L1_clmp_fp2_r2_screen	17175839	362616.0	2.1100000000000003	304.0	0.0	0.0	0.0	8.0	0.0	101895.0	0.6	0.0	0.0	0.0	0.0	223856.0	1.29	350606.0	2.05	231320.0	1.35	279214.0	1.6099999999999999	264285.0	1.53	16767054	97.62
GmA01083_CKDL210018111-1a-AK9143-GD06_HH72GDSX2_L1_clmp_fp2_r1_screen	14631746	340448.0	2.3200000000000003	779.0	0.0	2.0	0.0	213.0	0.0	92501.0	0.64	637423.0	4.36	461989.0	3.16	214289.0	1.4600000000000002	325237.0	2.23	211234.0	1.44	253718.0	1.73	245541.0	1.6800000000000002	13747988	93.96
GmA01083_CKDL210018111-1a-AK9143-GD06_HH72GDSX2_L1_clmp_fp2_r2_screen	14631746	340429.0	2.3200000000000003	804.0	0.0	0.0	0.0	7.0	0.0	91442.0	0.63	633094.0	4.33	462352.0	3.16	213544.0	1.4600000000000002	325311.0	2.23	210769.0	1.4300000000000002	253289.0	1.73	245032.0	1.6800000000000002	13750914	93.98
GmA01089_CKDL210018111-1a-AK9143-AK8488_HH72GDSX2_L1_clmp_fp2_r1_screen	12035924	3373465.0	28.03	367.0	0.0	0.0	0.0	178.0	0.0	39933.0	0.33	493567.0	4.1	1169847.0	9.73	179581.0	1.5	461828.0	3.83	144382.0	1.2	196592.0	1.63	145264.0	1.2000000000000002	8327655	69.19
GmA01089_CKDL210018111-1a-AK9143-AK8488_HH72GDSX2_L1_clmp_fp2_r2_screen	12035924	3360917.0	27.93	349.0	0.0	0.0	0.0	4.0	0.0	40154.0	0.33	488210.0	4.05	1156370.0	9.600000000000001	177275.0	1.48	457325.0	3.8	144946.0	1.2	196766.0	1.63	145889.0	1.21	8342098	69.31
GmA02001_CKDL210018111-1a-AK3911-AK4234_HH72GDSX2_L1_clmp_fp2_r1_screen	2309653	103270.0	4.47	875.0	0.04	0.0	0.0	44.0	0.0	3611.0	0.15	683730.0	29.599999999999998	207368.0	8.969999999999999	17628.0	0.76	36334.0	1.57	15111.0	0.65	19174.0	0.8300000000000001	16774.0	0.72	1508434	65.31
GmA02001_CKDL210018111-1a-AK3911-AK4234_HH72GDSX2_L1_clmp_fp2_r2_screen	2309653	102995.0	4.46	894.0	0.04	0.0	0.0	1.0	0.0	3522.0	0.15	681470.0	29.5	206652.0	8.95	17479.0	0.75	36139.0	1.57	14904.0	0.64	19151.0	0.8200000000000001	16556.0	0.71	1510974	65.42
GmA02002_CKDL210018111-1a-5UDI225-AK7557_HH72GDSX2_L1_clmp_fp2_r1_screen	3186716	124303.0	3.91	189.0	0.0	3.0	0.0	84.0	0.0	23035.0	0.72	123445.0	3.87	155316.0	4.87	53565.0	1.6800000000000002	93142.0	2.93	56200.0	1.76	68573.0	2.15	63103.0	1.98	2943569	92.37
GmA02002_CKDL210018111-1a-5UDI225-AK7557_HH72GDSX2_L1_clmp_fp2_r2_screen	3186716	124272.0	3.89	198.0	0.0	1.0	0.0	6.0	0.0	22689.0	0.71	123098.0	3.86	155791.0	4.88	53681.0	1.6800000000000002	93542.0	2.9400000000000004	56165.0	1.76	68571.0	2.16	63287.0	1.99	2943569	92.37
GmA02004_CKDL210018111-1a-5UDI225-AK4236_HH72GDSX2_L1_clmp_fp2_r1_screen	473745	33250.0	7.02	92.0	0.02	0.0	0.0	20.0	0.0	1261.0	0.27	63689.0	13.440000000000001	38991.0	8.23	5412.0	1.1400000000000001	11775.0	2.4899999999999998	4690.0	0.99	6152.0	1.3	5349.0	1.13	375016	79.16
GmA02004_CKDL210018111-1a-5UDI225-AK4236_HH72GDSX2_L1_clmp_fp2_r2_screen	473745	33190.0	7.01	104.0	0.03	0.0	0.0	0.0	0.0	1251.0	0.27	63554.0	13.420000000000002	38990.0	8.22	5374.0	1.1400000000000001	11864.0	2.5	4608.0	0.97	6211.0	1.31	5360.0	1.13	375016	79.16
GmA02005_CKDL210018111-1a-5UDI225-AK10343_HH72GDSX2_L1_clmp_fp2_r1_screen	1311804	39543.0	3.0200000000000005	98.0	0.01	0.0	0.0	47.0	0.0	4051.0	0.31	75538.0	5.76	65768.0	5.02	16672.0	1.27	33571.0	2.57	16732.0	1.27	21665.0	1.6500000000000001	20054.0	1.52	1191249	90.81
GmA02005_CKDL210018111-1a-5UDI225-AK10343_HH72GDSX2_L1_clmp_fp2_r2_screen	1311804	39582.0	3.0100000000000002	97.0	0.01	0.0	0.0	6.0	0.0	4027.0	0.31	75382.0	5.74	65705.0	5.0	16738.0	1.2799999999999998	33549.0	2.56	16768.0	1.28	21696.0	1.6500000000000001	19984.0	1.52	1191380	90.82
GmA02006_CKDL210018111-1a-5UDI225-AK4234_HH72GDSX2_L1_clmp_fp2_r1_screen	1246303	34769.0	2.79	66.0	0.0	0.0	0.0	67.0	0.01	4507.0	0.36	63317.0	5.08	60412.0	4.85	16559.0	1.3199999999999998	30919.0	2.4899999999999998	16791.0	1.3499999999999999	21378.0	1.71	19773.0	1.5799999999999998	1145227	91.89
GmA02006_CKDL210018111-1a-5UDI225-AK4234_HH72GDSX2_L1_clmp_fp2_r2_screen	1246303	34838.0	2.79	73.0	0.0	0.0	0.0	3.0	0.0	4341.0	0.35000000000000003	62841.0	5.04	60409.0	4.85	16375.0	1.31	30985.0	2.49	16710.0	1.3499999999999999	21394.0	1.71	19649.0	1.5799999999999998	1145477	91.91
GmA02007_CKDL210018111-1a-AK9144-AK8488_HH72GDSX2_L1_clmp_fp2_r1_screen	2962642	65733.0	2.22	1497.0	0.05	0.0	0.0	49.0	0.0	6825.0	0.23	1020555.0	34.45	204677.0	6.9	30449.0	1.02	56171.0	1.9	28544.0	0.97	35435.0	1.2	32541.0	1.1	1859946	62.78
GmA02007_CKDL210018111-1a-AK9144-AK8488_HH72GDSX2_L1_clmp_fp2_r2_screen	2962642	65863.0	2.2300000000000004	1393.0	0.05	0.0	0.0	1.0	0.0	6740.0	0.22	1014824.0	34.26	203202.0	6.859999999999999	30255.0	1.01	56152.0	1.88	28614.0	0.97	35379.0	1.19	32592.0	1.1	1865871	62.98
GmA02008_CKDL210018111-1a-AK9144-AK10343_HH72GDSX2_L1_clmp_fp2_r1_screen	3578658	33298.0	0.93	1741.0	0.05	1.0	0.0	11.0	0.0	4495.0	0.12	1145551.0	32.019999999999996	246179.0	6.88	17071.0	0.48000000000000004	33523.0	0.94	10640.0	0.3	12337.0	0.33999999999999997	12098.0	0.33999999999999997	2374439	66.35
GmA02008_CKDL210018111-1a-AK9144-AK10343_HH72GDSX2_L1_clmp_fp2_r2_screen	3578658	33227.0	0.92	1733.0	0.05	0.0	0.0	1.0	0.0	4376.0	0.12	1140252.0	31.86	245637.0	6.85	16955.0	0.47000000000000003	33244.0	0.9299999999999999	10596.0	0.3	12228.0	0.33999999999999997	12052.0	0.32999999999999996	2380165	66.51
GmA02017_CKDL210018111-1a-5UDI225-AK8488_HH72GDSX2_L1_clmp_fp2_r1_screen	1088212	44965.0	4.13	66.0	0.0	0.0	0.0	33.0	0.0	3007.0	0.28	60331.0	5.540000000000001	54336.0	5.0	12595.0	1.1600000000000001	24706.0	2.2800000000000002	12520.0	1.15	16179.0	1.48	14379.0	1.3199999999999998	979934	90.05
GmA02017_CKDL210018111-1a-5UDI225-AK8488_HH72GDSX2_L1_clmp_fp2_r2_screen	1088212	44965.0	4.13	72.0	0.01	0.0	0.0	0.0	0.0	2954.0	0.27	60223.0	5.53	54204.0	4.99	12490.0	1.15	24819.0	2.29	12513.0	1.15	16143.0	1.48	14351.0	1.3199999999999998	980043	90.06
GmA02018_CKDL210018111-1a-AK9144-AK7557_HH72GDSX2_L1_clmp_fp2_r1_screen	12712766	738078.0	5.800000000000001	1230.0	0.01	9.0	0.0	271.0	0.0	145179.0	1.14	1221394.0	9.61	1013429.0	7.970000000000001	390540.0	3.07	655102.0	5.16	414490.0	3.26	498568.0	3.92	470687.0	3.6999999999999997	10843989	85.3
GmA02018_CKDL210018111-1a-AK9144-AK7557_HH72GDSX2_L1_clmp_fp2_r2_screen	12712766	738219.0	5.800000000000001	1174.0	0.01	6.0	0.0	10.0	0.0	143685.0	1.1300000000000001	1216605.0	9.56	1012790.0	7.98	388984.0	3.0500000000000003	656253.0	5.16	414058.0	3.25	498229.0	3.92	470653.0	3.71	10847803	85.33
GmA02019_CKDL210018111-1a-AK9144-GC06_HH72GDSX2_L1_clmp_fp2_r1_screen	5919956	308257.0	5.2	797.0	0.01	0.0	0.0	190.0	0.0	23164.0	0.39	567849.0	9.59	382755.0	6.470000000000001	98065.0	1.65	194542.0	3.29	105023.0	1.78	130765.0	2.2	116376.0	1.96	5026634	84.91
GmA02019_CKDL210018111-1a-AK9144-GC06_HH72GDSX2_L1_clmp_fp2_r2_screen	5919956	308278.0	5.2	782.0	0.01	0.0	0.0	4.0	0.0	22801.0	0.38	566047.0	9.55	383105.0	6.470000000000001	97921.0	1.66	194632.0	3.2800000000000002	104962.0	1.77	130978.0	2.2	116626.0	1.96	5027818	84.93
GmA02020_CKDL210018111-1a-AK9144-AK4234_HH72GDSX2_L1_clmp_fp2_r1_screen	3070061	234027.0	7.63	516.0	0.01	0.0	0.0	39.0	0.0	17024.0	0.55	317642.0	10.34	238903.0	7.779999999999999	60111.0	1.95	107973.0	3.5200000000000005	58684.0	1.91	70299.0	2.29	65078.0	2.12	2523897	82.21
GmA02020_CKDL210018111-1a-AK9144-AK4234_HH72GDSX2_L1_clmp_fp2_r2_screen	3070061	233874.0	7.619999999999999	500.0	0.01	0.0	0.0	2.0	0.0	16917.0	0.55	317158.0	10.34	238897.0	7.79	60000.0	1.95	108409.0	3.5300000000000002	58759.0	1.91	70455.0	2.3	65140.0	2.12	2524204	82.22
GmA02021_CKDL210018111-1a-AK9144-GD06_HH72GDSX2_L1_clmp_fp2_r1_screen	5098046	173729.0	3.41	2088.0	0.03	0.0	0.0	68.0	0.0	43586.0	0.86	0.0	0.0	0.0	0.0	112659.0	2.21	172818.0	3.39	110422.0	2.16	127867.0	2.5100000000000002	124506.0	2.45	4888006	95.88
GmA02021_CKDL210018111-1a-AK9144-GD06_HH72GDSX2_L1_clmp_fp2_r2_screen	5098046	173683.0	3.4	2127.0	0.05	0.0	0.0	3.0	0.0	42714.0	0.84	1650884.0	32.379999999999995	438917.0	8.620000000000001	112003.0	2.2	173072.0	3.4	110119.0	2.16	127756.0	2.5	124536.0	2.44	3293847	64.61
GmA02022_CKDL210018111-1a-5UDI225-GC06_HH72GDSX2_L1_clmp_fp2_r1_screen	5681273	476970.0	8.4	125.0	0.0	0.0	0.0	239.0	0.0	19700.0	0.35000000000000003	162450.0	2.86	343663.0	6.04	94036.0	1.65	198428.0	3.49	100532.0	1.77	129002.0	2.27	113091.0	1.98	5042697	88.76
GmA02022_CKDL210018111-1a-5UDI225-GC06_HH72GDSX2_L1_clmp_fp2_r2_screen	5681273	477053.0	8.4	122.0	0.0	0.0	0.0	8.0	0.0	19365.0	0.34	162597.0	2.86	343411.0	6.04	93591.0	1.65	199148.0	3.51	100604.0	1.77	129025.0	2.27	113561.0	2.0	5042697	88.76
GmA02023_CKDL210018111-1a-AK3911-GC06_HH72GDSX2_L1_clmp_fp2_r1_screen	3456972	135618.0	3.92	1308.0	0.04	0.0	0.0	55.0	0.0	11719.0	0.34	1063201.0	30.75	291389.0	8.42	45332.0	1.3099999999999998	82042.0	2.38	41729.0	1.2000000000000002	49826.0	1.45	46763.0	1.3599999999999999	2243229	64.89
GmA02023_CKDL210018111-1a-AK3911-GC06_HH72GDSX2_L1_clmp_fp2_r2_screen	3456972	135473.0	3.92	1385.0	0.04	0.0	0.0	1.0	0.0	11576.0	0.34	1059722.0	30.65	290501.0	8.4	45148.0	1.3099999999999998	82205.0	2.38	41474.0	1.19	49780.0	1.44	46484.0	1.3399999999999999	2247031	65.0
GmA02028_CKDL210018111-1a-5UDI245-AK533_HH72GDSX2_L1_clmp_fp2_r1_screen	1649964	85848.0	5.2	72.0	0.0	0.0	0.0	105.0	0.01	20145.0	1.22	112828.0	6.83	124920.0	7.57	56602.0	3.43	84749.0	5.140000000000001	54842.0	3.3200000000000003	65548.0	3.9699999999999998	62261.0	3.77	1478697	89.62
GmA02028_CKDL210018111-1a-5UDI245-AK533_HH72GDSX2_L1_clmp_fp2_r2_screen	1649964	85795.0	5.2	67.0	0.0	0.0	0.0	5.0	0.0	19746.0	1.19	112309.0	6.8100000000000005	124843.0	7.58	56081.0	3.4000000000000004	84329.0	5.1000000000000005	54844.0	3.3200000000000003	65277.0	3.95	62072.0	3.76	1479027	89.64
GmA02030_CKDL210018111-1a-5UDI225-GD06_HH72GDSX2_L1_clmp_fp2_r1_screen	637146	51473.0	8.08	55.0	0.01	0.0	0.0	23.0	0.0	14386.0	2.25	73023.0	11.46	68975.0	10.82	34938.0	5.48	47694.0	7.48	33934.0	5.32	38897.0	6.1	38669.0	6.069999999999999	535584	84.06
GmA02030_CKDL210018111-1a-5UDI225-GD06_HH72GDSX2_L1_clmp_fp2_r2_screen	637146	51419.0	8.07	51.0	0.01	0.0	0.0	1.0	0.0	14121.0	2.22	72486.0	11.379999999999999	68746.0	10.799999999999999	34666.0	5.44	47633.0	7.48	33655.0	5.27	38597.0	6.05	38486.0	6.04	535712	84.08
GmA02033_CKDL210018111-1a-AK3911-AK533_HH72GDSX2_L1_clmp_fp2_r1_screen	3536627	155946.0	4.41	969.0	0.02	0.0	0.0	139.0	0.0	34657.0	0.98	633105.0	17.900000000000002	287019.0	8.11	95993.0	2.71	142196.0	4.029999999999999	92031.0	2.5900000000000003	107507.0	3.04	105486.0	2.98	2787569	78.82
GmA02033_CKDL210018111-1a-AK3911-AK533_HH72GDSX2_L1_clmp_fp2_r2_screen	3536627	156098.0	4.42	950.0	0.02	0.0	0.0	6.0	0.0	34296.0	0.97	630128.0	17.82	286105.0	8.08	95714.0	2.7	142193.0	4.029999999999999	91932.0	2.6	107442.0	3.04	105493.0	2.98	2790045	78.89
GmA02034_CKDL210018111-1a-5UDI245-AK7557_HH72GDSX2_L1_clmp_fp2_r1_screen	1822214	48249.0	2.65	198.0	0.01	2.0	0.0	132.0	0.01	10782.0	0.6	170639.0	9.36	101955.0	5.6	29519.0	1.62	46568.0	2.55	28915.0	1.5899999999999999	34109.0	1.8699999999999999	32034.0	1.75	1610654	88.39
GmA02034_CKDL210018111-1a-5UDI245-AK7557_HH72GDSX2_L1_clmp_fp2_r2_screen	1822214	47911.0	2.6300000000000003	167.0	0.01	0.0	0.0	5.0	0.0	10468.0	0.57	169301.0	9.29	101223.0	5.55	29112.0	1.59	46102.0	2.53	28610.0	1.5699999999999998	33716.0	1.8499999999999999	31734.0	1.7300000000000002	1611930	88.46
GmA02035_CKDL210018111-1a-5UDI245-AK8488_HH72GDSX2_L1_clmp_fp2_r1_screen	3192360	177870.0	5.569999999999999	147.0	0.0	0.0	0.0	225.0	0.01	43609.0	1.36	239017.0	7.489999999999999	243249.0	7.63	116089.0	3.64	164837.0	5.16	109747.0	3.43	129562.0	4.0600000000000005	124341.0	3.89	2837369	88.88
GmA02035_CKDL210018111-1a-5UDI245-AK8488_HH72GDSX2_L1_clmp_fp2_r2_screen	3192360	177370.0	5.56	155.0	0.0	0.0	0.0	12.0	0.0	42758.0	1.34	237739.0	7.44	243140.0	7.62	114999.0	3.6	163940.0	5.14	109017.0	3.41	128835.0	4.04	123450.0	3.87	2838327	88.91
GmA02044_CKDL210018111-1a-AK3911-GD06_HH72GDSX2_L1_clmp_fp2_r1_screen	10467345	980109.0	9.36	138.0	0.0	1.0	0.0	335.0	0.0	282888.0	2.7	787452.0	7.53	1196182.0	11.42	693810.0	6.63	981721.0	9.379999999999999	687003.0	6.57	796251.0	7.6000000000000005	768127.0	7.33	9140085	87.32
GmA02044_CKDL210018111-1a-AK3911-GD06_HH72GDSX2_L1_clmp_fp2_r2_screen	10467345	977305.0	9.34	125.0	0.0	0.0	0.0	22.0	0.0	278694.0	2.66	782503.0	7.48	1194547.0	11.41	688267.0	6.57	978913.0	9.35	682431.0	6.5200000000000005	791820.0	7.550000000000001	763614.0	7.29	9142179	87.34
GmA02045_CKDL210018111-1a-AK3911-AK7557_HH72GDSX2_L1_clmp_fp2_r1_screen	79907230	242594.0	0.30000000000000004	391.0	0.0	24.0	0.0	850.0	0.0	100318.0	0.12	473252.0	0.5900000000000001	388157.0	0.48	183606.0	0.23	240518.0	0.30000000000000004	185352.0	0.23	206617.0	0.26	199265.0	0.25	79228018	99.15
GmA02045_CKDL210018111-1a-AK3911-AK7557_HH72GDSX2_L1_clmp_fp2_r2_screen	79907230	241090.0	0.30000000000000004	387.0	0.0	4.0	0.0	16.0	0.0	98125.0	0.12	471102.0	0.5800000000000001	381519.0	0.48	181296.0	0.23	237638.0	0.29000000000000004	183881.0	0.23	205414.0	0.26	197850.0	0.25	79236009	99.16
GmA02047_CKDL210018111-1a-AK3911-AK4236_HH72GDSX2_L1_clmp_fp2_r1_screen	1950145	66267.0	3.4000000000000004	670.0	0.03	0.0	0.0	34.0	0.0	11272.0	0.58	0.0	0.0	0.0	0.0	30073.0	1.54	47301.0	2.42	26477.0	1.3599999999999999	31262.0	1.5999999999999999	30360.0	1.55	1871164	95.95
GmA02047_CKDL210018111-1a-AK3911-AK4236_HH72GDSX2_L1_clmp_fp2_r2_screen	1950145	65818.0	3.38	661.0	0.03	0.0	0.0	2.0	0.0	11075.0	0.5700000000000001	501319.0	25.71	170294.0	8.73	29744.0	1.52	46926.0	2.41	26179.0	1.3399999999999999	30996.0	1.5899999999999999	30042.0	1.54	1380897	70.81
GmA02049_CKDL210018111-1a-AK9144-AK533_HH72GDSX2_L1_clmp_fp2_r1_screen	168047353	408096.0	0.25	170.0	0.0	1.0	0.0	1421.0	0.0	186351.0	0.11	429045.0	0.26	622615.0	0.37	317872.0	0.19	417924.0	0.25	322105.0	0.19	358827.0	0.21000000000000002	351651.0	0.21000000000000002	167274335	99.54
GmA02049_CKDL210018111-1a-AK9144-AK533_HH72GDSX2_L1_clmp_fp2_r2_screen	168047353	405704.0	0.25	153.0	0.0	0.0	0.0	41.0	0.0	182161.0	0.11	426642.0	0.25	619887.0	0.37	314120.0	0.19	413111.0	0.24	318427.0	0.19	356234.0	0.21000000000000002	348938.0	0.21000000000000002	167274335	99.54
GmA02054_CKDL210018111-1a-5UDI245-GC06_HH72GDSX2_L1_clmp_fp2_r1_screen	8721016	715179.0	8.2	94.0	0.0	1.0	0.0	451.0	0.01	230161.0	2.64	575508.0	6.6	877424.0	10.049999999999999	500272.0	5.73	704931.0	8.08	504028.0	5.779999999999999	574528.0	6.58	564977.0	6.48	7747750	88.84
GmA02054_CKDL210018111-1a-5UDI245-GC06_HH72GDSX2_L1_clmp_fp2_r2_screen	8721016	713240.0	8.17	87.0	0.0	0.0	0.0	25.0	0.0	226187.0	2.59	572338.0	6.56	875836.0	10.04	495266.0	5.680000000000001	702351.0	8.049999999999999	499822.0	5.739999999999999	570450.0	6.54	561370.0	6.43	7749494	88.86
GmA02055_CKDL210018111-1a-AK9144-AK4236_HH72GDSX2_L1_clmp_fp2_r1_screen	1378026	198829.0	14.43	146.0	0.01	0.0	0.0	44.0	0.0	14449.0	1.04	122924.0	8.92	139247.0	10.1	47633.0	3.45	73094.0	5.3100000000000005	38154.0	2.7699999999999996	43946.0	3.19	48091.0	3.4899999999999998	1078994	78.3
GmA02055_CKDL210018111-1a-AK9144-AK4236_HH72GDSX2_L1_clmp_fp2_r2_screen	1378026	198059.0	14.370000000000001	146.0	0.01	0.0	0.0	2.0	0.0	14132.0	1.02	122400.0	8.879999999999999	138654.0	10.06	47394.0	3.44	72678.0	5.279999999999999	37981.0	2.75	44069.0	3.2	47864.0	3.47	1079683	78.35
GmA02058_CKDL210018111-1a-AK3911-AK8488_HH72GDSX2_L1_clmp_fp2_r1_screen	1896453	19210.0	1.02	1518.0	0.08	0.0	0.0	22.0	0.0	3064.0	0.16	1063017.0	56.06	179038.0	9.43	13778.0	0.73	25005.0	1.3199999999999998	8280.0	0.44	9364.0	0.49	9782.0	0.51	790820	41.7
GmA02058_CKDL210018111-1a-AK3911-AK8488_HH72GDSX2_L1_clmp_fp2_r2_screen	1896453	19165.0	1.01	1474.0	0.08	0.0	0.0	0.0	0.0	3014.0	0.16	1056645.0	55.72	177429.0	9.35	13548.0	0.71	24843.0	1.31	8265.0	0.44	9324.0	0.48	9734.0	0.51	797268	42.04
GmA02059_CKDL210018111-1a-AK3911-AK10343_HH72GDSX2_L1_clmp_fp2_r1_screen	2062801	44025.0	2.13	1071.0	0.05	0.0	0.0	47.0	0.0	13109.0	0.63	786689.0	38.13	166445.0	8.07	32371.0	1.58	46904.0	2.27	28929.0	1.4000000000000001	32844.0	1.5899999999999999	32618.0	1.57	1235824	59.91
GmA02059_CKDL210018111-1a-AK3911-AK10343_HH72GDSX2_L1_clmp_fp2_r2_screen	2062801	43941.0	2.13	1052.0	0.05	0.0	0.0	2.0	0.0	12829.0	0.62	782533.0	37.93	165457.0	8.01	32128.0	1.56	46564.0	2.26	28675.0	1.3900000000000001	32759.0	1.5899999999999999	32484.0	1.57	1239949	60.11
GmA02060_CKDL210018111-1a-5UDI245-AK10343_HH72GDSX2_L1_clmp_fp2_r1_screen	2668638	119036.0	4.46	210.0	0.01	0.0	0.0	124.0	0.0	28491.0	1.07	256924.0	9.629999999999999	193485.0	7.24	78426.0	2.94	114682.0	4.3	79298.0	2.96	91336.0	3.41	87267.0	3.26	2334257	87.47
GmA02060_CKDL210018111-1a-5UDI245-AK10343_HH72GDSX2_L1_clmp_fp2_r2_screen	2668638	118630.0	4.44	176.0	0.01	0.0	0.0	7.0	0.0	27826.0	1.04	255719.0	9.58	193023.0	7.24	77762.0	2.9099999999999997	114068.0	4.27	78731.0	2.95	90648.0	3.39	86790.0	3.2600000000000002	2334791	87.49
GmC01002_CKDL210018111-1a-AK3905-7UDI214_HH72GDSX2_L1_clmp_fp2_r1_screen	114403	12039.0	10.51	0.0	0.0	0.0	0.0	0.0	0.0	469.0	0.41000000000000003	7684.0	6.720000000000001	15917.0	13.92	8381.0	7.33	10093.0	8.82	3740.0	3.26	6304.0	5.5	5575.0	4.869999999999999	97173	84.94
GmC01002_CKDL210018111-1a-AK3905-7UDI214_HH72GDSX2_L1_clmp_fp2_r2_screen	114403	12310.0	10.75	0.0	0.0	0.0	0.0	0.0	0.0	520.0	0.45	7632.0	6.67	16232.0	14.19	8515.0	7.4399999999999995	10357.0	9.06	3813.0	3.3400000000000003	6452.0	5.640000000000001	5604.0	4.9	96922	84.72
GmC01005_CKDL210018111-1a-AK9142-7UDI214_HH72GDSX2_L1_clmp_fp2_r1_screen	21002	1140.0	5.43	0.0	0.0	0.0	0.0	0.0	0.0	93.0	0.44	710.0	3.38	1454.0	6.93	798.0	3.8	975.0	4.63	401.0	1.91	707.0	3.37	611.0	2.9	19435	92.54
GmC01005_CKDL210018111-1a-AK9142-7UDI214_HH72GDSX2_L1_clmp_fp2_r2_screen	21002	1168.0	5.56	0.0	0.0	0.0	0.0	0.0	0.0	86.0	0.4	669.0	3.19	1473.0	7.02	756.0	3.6	990.0	4.720000000000001	444.0	2.11	676.0	3.2199999999999998	605.0	2.88	19393	92.34
GmC01006_CKDL210018111-1a-AK8410-7UDI214_HH72GDSX2_L1_clmp_fp2_r1_screen	889486	118830.0	13.36	3.0	0.0	0.0	0.0	9.0	0.0	3795.0	0.43	0.0	0.0	0.0	0.0	82721.0	9.299999999999999	92378.0	10.38	33678.0	3.7800000000000002	62415.0	7.01	53883.0	6.0600000000000005	751170	84.45
GmC01006_CKDL210018111-1a-AK8410-7UDI214_HH72GDSX2_L1_clmp_fp2_r2_screen	889486	119465.0	13.43	5.0	0.0	0.0	0.0	1.0	0.0	3794.0	0.42	68230.0	7.68	147600.0	16.59	83413.0	9.370000000000001	92703.0	10.43	33659.0	3.79	63196.0	7.109999999999999	53447.0	6.0	732580	82.36
GmC01008_CKDL210018111-1a-AK7759-7UDI214_HH72GDSX2_L1_clmp_fp2_r1_screen	6609966	236813.0	3.58	3.0	0.0	1.0	0.0	34.0	0.0	36312.0	0.55	140434.0	2.13	280095.0	4.24	163560.0	2.47	200763.0	3.04	109036.0	1.64	151768.0	2.3000000000000003	139883.0	2.11	6311195	95.48
GmC01008_CKDL210018111-1a-AK7759-7UDI214_HH72GDSX2_L1_clmp_fp2_r2_screen	6609966	235633.0	3.56	2.0	0.0	1.0	0.0	7.0	0.0	36976.0	0.56	139711.0	2.11	281881.0	4.26	161752.0	2.45	200789.0	3.03	109131.0	1.65	151351.0	2.29	139147.0	2.09	6309212	95.45
GmC01009_CKDL210018111-1a-AK6881-7UDI214_HH72GDSX2_L1_clmp_fp2_r1_screen	1181608	89930.0	7.6000000000000005	3.0	0.0	0.0	0.0	1.0	0.0	4837.0	0.41000000000000003	53124.0	4.5	113728.0	9.63	61542.0	5.21	74169.0	6.2700000000000005	30585.0	2.59	48978.0	4.140000000000001	43888.0	3.72	1059429	89.66
GmC01009_CKDL210018111-1a-AK6881-7UDI214_HH72GDSX2_L1_clmp_fp2_r2_screen	1181608	90190.0	7.63	3.0	0.0	0.0	0.0	1.0	0.0	4864.0	0.41000000000000003	52793.0	4.470000000000001	114691.0	9.709999999999999	61394.0	5.2	74522.0	6.3100000000000005	30767.0	2.61	49323.0	4.18	43508.0	3.6799999999999997	1058484	89.58
GmC01012_CKDL210018111-1a-5UDI312-7UDI214_HH72GDSX2_L1_clmp_fp2_r1_screen	505	33.0	6.54	0.0	0.0	0.0	0.0	0.0	0.0	3.0	0.59	14.0	2.78	41.0	8.11	19.0	3.7699999999999996	31.0	6.140000000000001	11.0	2.18	18.0	3.57	19.0	3.76	458	90.89
GmC01012_CKDL210018111-1a-5UDI312-7UDI214_HH72GDSX2_L1_clmp_fp2_r2_screen	505	26.0	5.15	0.0	0.0	0.0	0.0	0.0	0.0	5.0	0.99	21.0	4.15	40.0	7.92	20.0	3.96	20.0	3.96	14.0	2.77	19.0	3.7699999999999996	16.0	3.17	463	91.88
GmC01013_CKDL210018111-1a-AK9141-AK4971_HH72GDSX2_L1_clmp_fp2_r1_screen	80644	4340.0	5.39	0.0	0.0	0.0	0.0	0.0	0.0	400.0	0.5	2524.0	3.13	5715.0	7.09	2559.0	3.17	3834.0	4.75	1748.0	2.16	2634.0	3.2600000000000002	2313.0	2.86	74394	92.25
GmC01013_CKDL210018111-1a-AK9141-AK4971_HH72GDSX2_L1_clmp_fp2_r2_screen	80644	4304.0	5.34	0.0	0.0	0.0	0.0	0.0	0.0	418.0	0.52	2441.0	3.03	5684.0	7.0600000000000005	2602.0	3.22	3758.0	4.66	1767.0	2.2	2643.0	3.2800000000000002	2282.0	2.83	74402	92.26
GmC01014_CKDL210018111-1a-AK3905-AK4971_HH72GDSX2_L1_clmp_fp2_r1_screen	3660581	155825.0	4.26	4.0	0.0	0.0	0.0	17.0	0.0	16418.0	0.45	93505.0	2.56	222847.0	6.09	92878.0	2.54	147453.0	4.03	64978.0	1.78	95159.0	2.6	85545.0	2.33	3415688	93.31
GmC01014_CKDL210018111-1a-AK3905-AK4971_HH72GDSX2_L1_clmp_fp2_r2_screen	3660581	155981.0	4.26	5.0	0.0	0.0	0.0	9.0	0.0	16615.0	0.45	94728.0	2.58	223799.0	6.109999999999999	94070.0	2.57	149654.0	4.09	66307.0	1.81	95093.0	2.6	86291.0	2.3499999999999996	3414589	93.28
GmC01016_CKDL210018111-1a-5UDI298-AK4971_HH72GDSX2_L1_clmp_fp2_r1_screen	4554242	314048.0	6.89	9.0	0.0	0.0	0.0	23.0	0.0	23969.0	0.52	182346.0	4.0	409702.0	9.0	202106.0	4.44	273661.0	6.01	115615.0	2.54	183585.0	4.03	165251.0	3.63	4109747	90.24
GmC01016_CKDL210018111-1a-5UDI298-AK4971_HH72GDSX2_L1_clmp_fp2_r2_screen	4554242	313013.0	6.88	5.0	0.0	0.0	0.0	11.0	0.0	24486.0	0.53	180745.0	3.97	410980.0	9.02	202257.0	4.4399999999999995	273742.0	6.0200000000000005	116529.0	2.56	183045.0	4.02	164925.0	3.62	4107926	90.2
GmC01017_CKDL210018111-1a-AK9142-AK4971_HH72GDSX2_L1_clmp_fp2_r1_screen	4388176	150460.0	3.43	8.0	0.0	1.0	0.0	41.0	0.0	32652.0	0.74	90893.0	2.07	183715.0	4.18	100280.0	2.28	137066.0	3.13	80740.0	1.8399999999999999	102909.0	2.35	97472.0	2.22	4188952	95.46
GmC01017_CKDL210018111-1a-AK9142-AK4971_HH72GDSX2_L1_clmp_fp2_r2_screen	4388176	152262.0	3.4699999999999998	8.0	0.0	0.0	0.0	15.0	0.0	33241.0	0.76	92624.0	2.11	186985.0	4.26	101290.0	2.3200000000000003	139514.0	3.19	82536.0	1.88	104392.0	2.38	98990.0	2.26	4185442	95.38
GmC01018_CKDL210018111-1a-AK8410-AK4971_HH72GDSX2_L1_clmp_fp2_r1_screen	2933237	196880.0	6.7	1.0	0.0	0.0	0.0	25.0	0.0	16191.0	0.55	119035.0	4.07	279424.0	9.52	120567.0	4.109999999999999	183938.0	6.27	77291.0	2.63	117021.0	3.98	103181.0	3.51	2632873	89.76
GmC01018_CKDL210018111-1a-AK8410-AK4971_HH72GDSX2_L1_clmp_fp2_r2_screen	2933237	200230.0	6.819999999999999	2.0	0.0	0.0	0.0	3.0	0.0	16605.0	0.56	120289.0	4.11	283126.0	9.65	123032.0	4.2	187387.0	6.380000000000001	79598.0	2.71	120097.0	4.09	105300.0	3.58	2628180	89.6
GmC01021_CKDL210018111-1a-AK6881-AK4971_HH72GDSX2_L1_clmp_fp2_r1_screen	27964	1539.0	5.51	0.0	0.0	0.0	0.0	0.0	0.0	158.0	0.5700000000000001	856.0	3.06	1890.0	6.76	996.0	3.56	1262.0	4.51	603.0	2.16	895.0	3.1999999999999997	845.0	3.02	25919	92.69
GmC01021_CKDL210018111-1a-AK6881-AK4971_HH72GDSX2_L1_clmp_fp2_r2_screen	27964	1509.0	5.4	0.0	0.0	0.0	0.0	0.0	0.0	156.0	0.56	0.0	0.0	0.0	0.0	987.0	3.52	1254.0	4.48	590.0	2.1100000000000003	889.0	3.1799999999999997	805.0	2.88	26235	93.82
GmC01022_CKDL210018111-1a-AK6260-AK4971_HH72GDSX2_L1_clmp_fp2_r1_screen	31422	2002.0	6.38	0.0	0.0	0.0	0.0	2.0	0.01	125.0	0.39	1234.0	3.92	2564.0	8.15	1219.0	3.8899999999999997	1648.0	5.24	699.0	2.2199999999999998	1119.0	3.55	1000.0	3.19	28528	90.79
GmC01022_CKDL210018111-1a-AK6260-AK4971_HH72GDSX2_L1_clmp_fp2_r2_screen	31422	1937.0	6.17	0.0	0.0	0.0	0.0	2.0	0.01	179.0	0.5700000000000001	1217.0	3.87	2502.0	7.959999999999999	1177.0	3.75	1610.0	5.13	694.0	2.21	1123.0	3.59	975.0	3.11	28565	90.91
GmC01026_CKDL210018111-1a-AK3905-AK1864_HH72GDSX2_L1_clmp_fp2_r1_screen	12695505	931388.0	7.33	10.0	0.0	0.0	0.0	26.0	0.0	124485.0	0.98	543955.0	4.28	1083976.0	8.530000000000001	658207.0	5.180000000000001	756749.0	5.95	392476.0	3.09	566522.0	4.46	513851.0	4.05	11542753	90.92
GmC01026_CKDL210018111-1a-AK3905-AK1864_HH72GDSX2_L1_clmp_fp2_r2_screen	12695505	930224.0	7.33	7.0	0.0	0.0	0.0	3.0	0.0	125926.0	0.99	544280.0	4.29	1089695.0	8.57	658314.0	5.180000000000001	759253.0	5.9799999999999995	395436.0	3.11	568254.0	4.470000000000001	512144.0	4.04	11536405	90.87
GmC01028_CKDL210018111-1a-5UDI298-AK1864_HH72GDSX2_L1_clmp_fp2_r1_screen	2276160	112667.0	4.96	22.0	0.0	0.0	0.0	17.0	0.0	10437.0	0.46	81755.0	3.5999999999999996	153289.0	6.7299999999999995	68919.0	3.0300000000000002	99144.0	4.36	45174.0	1.99	68064.0	2.99	61879.0	2.7199999999999998	2096798	92.12
GmC01028_CKDL210018111-1a-5UDI298-AK1864_HH72GDSX2_L1_clmp_fp2_r2_screen	2276160	112474.0	4.9399999999999995	19.0	0.0	0.0	0.0	7.0	0.0	10842.0	0.47000000000000003	81161.0	3.5700000000000003	153620.0	6.75	69424.0	3.0500000000000003	99363.0	4.37	45257.0	1.99	68354.0	3.0	61576.0	2.6999999999999997	2097253	92.14
GmC01029_CKDL210018111-1a-AK9142-AK1864_HH72GDSX2_L1_clmp_fp2_r1_screen	7056781	340415.0	4.819999999999999	6.0	0.0	2.0	0.0	162.0	0.0	56759.0	0.8	202205.0	2.87	417636.0	5.92	235124.0	3.33	302045.0	4.29	164986.0	2.34	218621.0	3.09	205128.0	2.91	6608675	93.65
GmC01029_CKDL210018111-1a-AK9142-AK1864_HH72GDSX2_L1_clmp_fp2_r2_screen	7056781	340307.0	4.83	5.0	0.0	0.0	0.0	21.0	0.0	57295.0	0.81	0.0	0.0	0.0	0.0	235109.0	3.33	0.0	0.0	166609.0	2.36	219588.0	3.12	205928.0	2.92	6691945	94.83
GmC01032_CKDL210018111-1a-AK7759-AK1864_HH72GDSX2_L1_clmp_fp2_r1_screen	4311076	150429.0	3.5	26.0	0.0	0.0	0.0	28.0	0.0	26510.0	0.62	95694.0	2.2199999999999998	182640.0	4.24	103722.0	2.4	132297.0	3.07	72783.0	1.7	97708.0	2.27	92559.0	2.14	4111904	95.38
GmC01032_CKDL210018111-1a-AK7759-AK1864_HH72GDSX2_L1_clmp_fp2_r2_screen	4311076	148824.0	3.45	19.0	0.0	0.0	0.0	7.0	0.0	27073.0	0.63	94082.0	2.19	182836.0	4.25	102057.0	2.37	131347.0	3.04	72730.0	1.69	97320.0	2.25	91062.0	2.1	4111473	95.37
GmC01033_CKDL210018111-1a-AK6881-AK1864_HH72GDSX2_L1_clmp_fp2_r1_screen	5004577	438251.0	8.76	18.0	0.0	1.0	0.0	18.0	0.0	22469.0	0.45	239067.0	4.77	524322.0	10.47	286915.0	5.720000000000001	338094.0	6.76	142254.0	2.8400000000000003	241388.0	4.83	210684.0	4.21	4437558	88.67
GmC01033_CKDL210018111-1a-AK6881-AK1864_HH72GDSX2_L1_clmp_fp2_r2_screen	5004577	440258.0	8.79	19.0	0.0	0.0	0.0	3.0	0.0	23064.0	0.46	238021.0	4.75	529210.0	10.569999999999999	288213.0	5.75	340018.0	6.8	144040.0	2.88	244684.0	4.890000000000001	210356.0	4.2	4432053	88.56
GmC01035_CKDL210018111-1a-AK7010-AK1864_HH72GDSX2_L1_clmp_fp2_r1_screen	43586	3910.0	8.98	0.0	0.0	0.0	0.0	1.0	0.0	190.0	0.44	2089.0	4.79	4732.0	10.85	2502.0	5.74	2983.0	6.84	1143.0	2.62	2140.0	4.91	1806.0	4.15	38477	88.28
GmC01035_CKDL210018111-1a-AK7010-AK1864_HH72GDSX2_L1_clmp_fp2_r2_screen	43586	4016.0	9.219999999999999	0.0	0.0	0.0	0.0	1.0	0.0	250.0	0.5700000000000001	2120.0	4.87	4819.0	11.07	2619.0	6.01	3001.0	6.88	1272.0	2.92	2300.0	5.28	1859.0	4.26	38407	88.12
GmC01036_CKDL210018111-1a-5UDI312-AK1864_HH72GDSX2_L1_clmp_fp2_r1_screen	65217	4345.0	6.67	0.0	0.0	0.0	0.0	0.0	0.0	313.0	0.48	2588.0	3.9699999999999998	5806.0	8.91	2620.0	4.01	3858.0	5.92	1654.0	2.54	2544.0	3.91	2333.0	3.58	58832	90.21
GmC01036_CKDL210018111-1a-5UDI312-AK1864_HH72GDSX2_L1_clmp_fp2_r2_screen	65217	4468.0	6.85	0.0	0.0	0.0	0.0	0.0	0.0	318.0	0.49	2681.0	4.109999999999999	6028.0	9.25	2733.0	4.1899999999999995	3898.0	5.9799999999999995	1670.0	2.5500000000000003	2597.0	3.98	2415.0	3.6999999999999997	58643	89.92
GmC01037_CKDL210018111-1a-AK9141-AK7558_HH72GDSX2_L1_clmp_fp2_r2_screen	29267	2140.0	7.3100000000000005	0.0	0.0	0.0	0.0	0.0	0.0	154.0	0.52	1171.0	4.0	2645.0	9.040000000000001	1384.0	4.74	1740.0	5.95	827.0	2.83	1250.0	4.27	1118.0	3.8200000000000003	26416	90.26
GmC01038_CKDL210018111-1a-AK3905-AK7558_HH72GDSX2_L1_clmp_fp2_r1_screen	4273763	223017.0	5.22	29.0	0.0	0.0	0.0	50.0	0.0	19721.0	0.46	147827.0	3.45	317173.0	7.43	137395.0	3.21	204699.0	4.79	87900.0	2.06	132350.0	3.1	118749.0	2.7800000000000002	3922887	91.79
GmC01038_CKDL210018111-1a-AK3905-AK7558_HH72GDSX2_L1_clmp_fp2_r2_screen	4273763	223310.0	5.220000000000001	35.0	0.0	0.0	0.0	18.0	0.0	20837.0	0.48	147804.0	3.46	319287.0	7.470000000000001	138634.0	3.25	206085.0	4.83	89118.0	2.09	133004.0	3.1100000000000003	119447.0	2.79	3921604	91.76
GmC01040_CKDL210018111-1a-5UDI298-AK7558_HH72GDSX2_L1_clmp_fp2_r1_screen	4585	244.0	5.32	0.0	0.0	0.0	0.0	0.0	0.0	15.0	0.33	137.0	2.9899999999999998	304.0	6.63	150.0	3.27	199.0	4.34	89.0	1.94	127.0	2.77	134.0	2.92	4236	92.41
GmC01040_CKDL210018111-1a-5UDI298-AK7558_HH72GDSX2_L1_clmp_fp2_r2_screen	4585	250.0	5.45	0.0	0.0	0.0	0.0	0.0	0.0	24.0	0.52	164.0	3.59	311.0	6.78	166.0	3.62	216.0	4.71	106.0	2.31	146.0	3.1900000000000004	138.0	3.01	4246	92.61
GmC01041_CKDL210018111-1a-AK9142-AK7558_HH72GDSX2_L1_clmp_fp2_r1_screen	7866367	304743.0	3.86	10.0	0.0	1.0	0.0	129.0	0.0	60329.0	0.77	184177.0	2.34	377285.0	4.79	203001.0	2.59	275704.0	3.5	157615.0	2.0	206508.0	2.63	192367.0	2.44	7458889	94.82
GmC01041_CKDL210018111-1a-AK9142-AK7558_HH72GDSX2_L1_clmp_fp2_r2_screen	7866367	307942.0	3.91	10.0	0.0	0.0	0.0	18.0	0.0	62126.0	0.79	187080.0	2.37	382863.0	4.87	204679.0	2.6	280141.0	3.56	160427.0	2.0500000000000003	209444.0	2.67	194592.0	2.48	7453382	94.75
GmC01042_CKDL210018111-1a-AK8410-AK7558_HH72GDSX2_L1_clmp_fp2_r1_screen	415277	21507.0	5.17	3.0	0.0	0.0	0.0	3.0	0.0	2221.0	0.54	12080.0	2.9099999999999997	27249.0	6.56	13479.0	3.24	18268.0	4.41	8818.0	2.12	13008.0	3.13	11594.0	2.79	385335	92.79
GmC01045_CKDL210018111-1a-AK6881-AK7558_HH72GDSX2_L1_clmp_fp2_r1_screen	5667063	390778.0	6.890000000000001	50.0	0.0	0.0	0.0	95.0	0.0	29667.0	0.52	218886.0	3.85	466924.0	8.25	241257.0	4.25	308739.0	5.45	139768.0	2.47	216998.0	3.84	196538.0	3.46	5142859	90.75
GmC01045_CKDL210018111-1a-AK6881-AK7558_HH72GDSX2_L1_clmp_fp2_r2_screen	5667063	389971.0	6.87	39.0	0.0	0.0	0.0	45.0	0.0	30526.0	0.53	215713.0	3.81	469301.0	8.280000000000001	240835.0	4.25	309120.0	5.46	141354.0	2.5	219333.0	3.8599999999999994	196428.0	3.46	5141159	90.72
GmC01047_CKDL210018111-1a-AK7010-AK7558_HH72GDSX2_L1_clmp_fp2_r1_screen	126629	5707.0	4.51	0.0	0.0	0.0	0.0	0.0	0.0	1243.0	0.98	3623.0	2.8600000000000003	6917.0	5.47	3967.0	3.13	5168.0	4.08	3209.0	2.54	3953.0	3.12	3698.0	2.9200000000000004	119183	94.12
GmC01047_CKDL210018111-1a-AK7010-AK7558_HH72GDSX2_L1_clmp_fp2_r2_screen	126629	5806.0	4.59	0.0	0.0	0.0	0.0	0.0	0.0	1372.0	1.09	3766.0	2.97	7108.0	5.61	4115.0	3.24	5385.0	4.26	3261.0	2.57	4067.0	3.21	3879.0	3.06	118942	93.93
GmC01051_CKDL210018111-1a-AK7761-7UDI308_HH72GDSX2_L1_clmp_fp2_r1_screen	8297	372.0	4.49	0.0	0.0	0.0	0.0	0.0	0.0	49.0	0.59	235.0	2.83	512.0	6.180000000000001	245.0	2.95	350.0	4.22	165.0	1.98	226.0	2.7199999999999998	223.0	2.6799999999999997	7727	93.14
GmC01051_CKDL210018111-1a-AK7761-7UDI308_HH72GDSX2_L1_clmp_fp2_r2_screen	8297	403.0	4.8500000000000005	0.0	0.0	0.0	0.0	0.0	0.0	45.0	0.54	217.0	2.6100000000000003	551.0	6.640000000000001	237.0	2.86	365.0	4.39	167.0	2.01	234.0	2.8200000000000003	202.0	2.4299999999999997	7707	92.9
GmC01053_CKDL210018111-1a-AK9142-7UDI308_HH72GDSX2_L1_clmp_fp2_r1_screen	17494323	947724.0	5.41	20.0	0.0	0.0	0.0	27.0	0.0	85808.0	0.49	546438.0	3.12	1259114.0	7.199999999999999	595837.0	3.4	853232.0	4.88	379167.0	2.17	563526.0	3.21	520238.0	2.96	16133264	92.22
GmC01053_CKDL210018111-1a-AK9142-7UDI308_HH72GDSX2_L1_clmp_fp2_r2_screen	17494323	946752.0	5.41	22.0	0.0	0.0	0.0	3.0	0.0	87912.0	0.5	545227.0	3.11	1265964.0	7.23	598401.0	3.41	858376.0	4.9	383136.0	2.19	566089.0	3.23	521115.0	2.9699999999999998	16126266	92.18
GmC01054_CKDL210018111-1a-AK8410-7UDI308_HH72GDSX2_L1_clmp_fp2_r1_screen	3923034	159982.0	4.08	5.0	0.0	0.0	0.0	23.0	0.0	42403.0	1.08	97246.0	2.48	198396.0	5.0600000000000005	102948.0	2.62	151571.0	3.86	95276.0	2.43	118742.0	3.02	110395.0	2.81	3710013	94.57
GmC01054_CKDL210018111-1a-AK8410-7UDI308_HH72GDSX2_L1_clmp_fp2_r2_screen	3923034	161893.0	4.12	5.0	0.0	0.0	0.0	0.0	0.0	43153.0	1.1	98976.0	2.52	202133.0	5.1499999999999995	104947.0	2.67	153864.0	3.92	96386.0	2.46	120972.0	3.08	111986.0	2.85	3706482	94.48
GmC01057_CKDL210018111-1a-AK6881-7UDI308_HH72GDSX2_L1_clmp_fp2_r1_screen	5426775	249314.0	4.6000000000000005	5.0	0.0	0.0	0.0	88.0	0.0	31822.0	0.59	144416.0	2.67	286517.0	5.29	174151.0	3.2	198212.0	3.66	102028.0	1.8699999999999999	155096.0	2.86	136253.0	2.51	5121247	94.37
GmC01057_CKDL210018111-1a-AK6881-7UDI308_HH72GDSX2_L1_clmp_fp2_r2_screen	5426775	249414.0	4.6000000000000005	6.0	0.0	0.0	0.0	6.0	0.0	32307.0	0.6	144202.0	2.66	288421.0	5.32	173379.0	3.19	198001.0	3.65	102061.0	1.8699999999999999	156089.0	2.8899999999999997	136167.0	2.5	5119619	94.34
GmC01058_CKDL210018111-1a-AK6260-7UDI308_HH72GDSX2_L1_clmp_fp2_r1_screen	55679	2619.0	4.7	0.0	0.0	0.0	0.0	0.0	0.0	291.0	0.52	1434.0	2.58	3474.0	6.24	1578.0	2.83	2418.0	4.34	1196.0	2.15	1638.0	2.94	1562.0	2.8000000000000003	51915	93.24
GmC01058_CKDL210018111-1a-AK6260-7UDI308_HH72GDSX2_L1_clmp_fp2_r2_screen	55679	2590.0	4.65	0.0	0.0	0.0	0.0	0.0	0.0	288.0	0.51	1356.0	2.44	3487.0	6.26	1470.0	2.64	2368.0	4.26	1155.0	2.08	1608.0	2.88	1517.0	2.72	51870	93.16
GmC01061_CKDL210018111-1a-AK9141-AK2587_HH72GDSX2_L1_clmp_fp2_r1_screen	413279	21099.0	5.11	0.0	0.0	0.0	0.0	10.0	0.0	1999.0	0.49	12805.0	3.1100000000000003	28221.0	6.83	13045.0	3.1599999999999997	18723.0	4.53	8574.0	2.08	12774.0	3.09	11705.0	2.8299999999999996	382365	92.52
GmC01061_CKDL210018111-1a-AK9141-AK2587_HH72GDSX2_L1_clmp_fp2_r2_screen	413279	21092.0	5.1000000000000005	0.0	0.0	0.0	0.0	1.0	0.0	2014.0	0.48	12731.0	3.0900000000000003	28657.0	6.9399999999999995	12732.0	3.08	18769.0	4.54	8585.0	2.08	12851.0	3.0999999999999996	11535.0	2.79	381993	92.43
GmC01062_CKDL210018111-1a-AK3905-AK2587_HH72GDSX2_L1_clmp_fp2_r1_screen	54756	2877.0	5.24	0.0	0.0	0.0	0.0	1.0	0.0	333.0	0.61	1661.0	3.0300000000000002	3586.0	6.55	1834.0	3.34	2399.0	4.38	1140.0	2.08	1727.0	3.16	1561.0	2.8499999999999996	50857	92.88
GmC01062_CKDL210018111-1a-AK3905-AK2587_HH72GDSX2_L1_clmp_fp2_r2_screen	54756	2743.0	5.0	0.0	0.0	0.0	0.0	1.0	0.0	327.0	0.59	1636.0	2.99	3530.0	6.45	1800.0	3.3	2371.0	4.33	1139.0	2.08	1677.0	3.06	1505.0	2.75	50944	93.04
GmC01066_CKDL210018111-1a-AK8410-AK2587_HH72GDSX2_L1_clmp_fp2_r2_screen	18085179	1116513.0	6.17	9.0	0.0	0.0	0.0	23.0	0.0	95663.0	0.53	637611.0	3.52	1456132.0	8.05	707934.0	3.91	973165.0	5.37	442464.0	2.45	675907.0	3.7399999999999998	596309.0	3.29	16515385	91.32
GmC01068_CKDL210018111-1a-AK7759-AK2587_HH72GDSX2_L1_clmp_fp2_r1_screen	406895	21112.0	5.1899999999999995	0.0	0.0	0.0	0.0	1.0	0.0	1943.0	0.48	11758.0	2.8899999999999997	27335.0	6.720000000000001	12813.0	3.15	17999.0	4.43	8378.0	2.06	12494.0	3.07	11107.0	2.7199999999999998	377069	92.67
GmC01068_CKDL210018111-1a-AK7759-AK2587_HH72GDSX2_L1_clmp_fp2_r2_screen	406895	21398.0	5.25	0.0	0.0	0.0	0.0	0.0	0.0	1948.0	0.47000000000000003	11973.0	2.94	27650.0	6.79	13232.0	3.25	18437.0	4.52	8746.0	2.16	12856.0	3.1599999999999997	11412.0	2.81	376744	92.59
GmC01069_CKDL210018111-1a-AK6881-AK2587_HH72GDSX2_L1_clmp_fp2_r1_screen	28677321	1435826.0	5.01	24.0	0.0	0.0	0.0	55.0	0.0	318763.0	1.11	858697.0	3.0	1738303.0	6.05	950993.0	3.3099999999999996	1293559.0	4.51	772690.0	2.7	1014878.0	3.54	925793.0	3.22	26816162	93.51
GmC01069_CKDL210018111-1a-AK6881-AK2587_HH72GDSX2_L1_clmp_fp2_r2_screen	28677321	1439855.0	5.03	21.0	0.0	0.0	0.0	8.0	0.0	321971.0	1.12	860323.0	3.0	1751111.0	6.11	953445.0	3.32	1297930.0	4.53	776745.0	2.71	1018428.0	3.5599999999999996	927344.0	3.23	26804691	93.47
GmC01070_CKDL210018111-1a-AK6260-AK2587_HH72GDSX2_L1_clmp_fp2_r1_screen	47294	2440.0	5.16	0.0	0.0	0.0	0.0	0.0	0.0	211.0	0.44	1356.0	2.87	3180.0	6.7299999999999995	1514.0	3.2	2131.0	4.5	1037.0	2.19	1541.0	3.26	1261.0	2.66	43836	92.69
GmC01070_CKDL210018111-1a-AK6260-AK2587_HH72GDSX2_L1_clmp_fp2_r2_screen	47294	2360.0	4.989999999999999	0.0	0.0	0.0	0.0	0.0	0.0	190.0	0.4	1393.0	2.94	3107.0	6.57	1478.0	3.12	2135.0	4.52	1060.0	2.24	1475.0	3.11	1312.0	2.77	43898	92.82
GmC01071_CKDL210018111-1a-AK7010-AK2587_HH72GDSX2_L1_clmp_fp2_r1_screen	200855	11553.0	5.75	0.0	0.0	0.0	0.0	1.0	0.0	1867.0	0.93	6865.0	3.43	14522.0	7.23	7510.0	3.74	10301.0	5.13	5683.0	2.83	7854.0	3.92	6959.0	3.46	185248	92.23
GmC01071_CKDL210018111-1a-AK7010-AK2587_HH72GDSX2_L1_clmp_fp2_r2_screen	200855	11742.0	5.84	0.0	0.0	0.0	0.0	0.0	0.0	2017.0	1.01	6741.0	3.3499999999999996	14604.0	7.2700000000000005	7603.0	3.79	10340.0	5.15	5722.0	2.8499999999999996	7950.0	3.96	7000.0	3.49	185208	92.21
GmC01072_CKDL210018111-1a-5UDI312-AK2587_HH72GDSX2_L1_clmp_fp2_r1_screen	1737094	90666.0	5.22	19.0	0.0	0.0	0.0	90.0	0.01	11021.0	0.64	64309.0	3.7	124029.0	7.14	54047.0	3.11	85160.0	4.8999999999999995	43091.0	2.4800000000000004	58190.0	3.34	53231.0	3.06	1594478	91.79
GmC01072_CKDL210018111-1a-5UDI312-AK2587_HH72GDSX2_L1_clmp_fp2_r2_screen	1737094	91086.0	5.25	23.0	0.0	0.0	0.0	24.0	0.0	10665.0	0.62	64871.0	3.7300000000000004	124352.0	7.17	54791.0	3.15	86134.0	4.96	43728.0	2.5200000000000005	58748.0	3.37	54079.0	3.1	1594131	91.77
GmC01073_CKDL210018111-1a-AK9141-GC12_HH72GDSX2_L1_clmp_fp2_r1_screen	5726987	299233.0	5.23	13.0	0.0	1.0	0.0	37.0	0.0	59328.0	1.03	185242.0	3.2399999999999998	362916.0	6.34	202985.0	3.54	270468.0	4.720000000000001	153799.0	2.68	203634.0	3.5500000000000003	189359.0	3.3	5338124	93.21
GmC01073_CKDL210018111-1a-AK9141-GC12_HH72GDSX2_L1_clmp_fp2_r2_screen	5726987	298982.0	5.22	8.0	0.0	0.0	0.0	15.0	0.0	60839.0	1.06	184100.0	3.21	365671.0	6.380000000000001	202720.0	3.54	270889.0	4.73	155017.0	2.7	204693.0	3.58	189762.0	3.3099999999999996	5335833	93.17
GmC01074_CKDL210018111-1a-AK3905-GC12_HH72GDSX2_L1_clmp_fp2_r1_screen	856294	43386.0	5.07	0.0	0.0	0.0	0.0	3.0	0.0	3901.0	0.45	24135.0	2.8200000000000003	55969.0	6.539999999999999	26402.0	3.08	37509.0	4.38	17915.0	2.1	26053.0	3.05	23339.0	2.7199999999999998	795582	92.91
GmC01074_CKDL210018111-1a-AK3905-GC12_HH72GDSX2_L1_clmp_fp2_r2_screen	856294	43095.0	5.03	1.0	0.0	0.0	0.0	1.0	0.0	3966.0	0.46	23938.0	2.79	56275.0	6.57	26144.0	3.05	37249.0	4.35	17825.0	2.08	25987.0	3.04	22946.0	2.68	795068	92.85
GmC01075_CKDL210018111-1a-AK7761-GC12_HH72GDSX2_L1_clmp_fp2_r1_screen	4179234	196027.0	4.69	0.0	0.0	0.0	0.0	4.0	0.0	19964.0	0.48	121788.0	2.91	285269.0	6.83	119453.0	2.86	194677.0	4.659999999999999	88893.0	2.12	119557.0	2.86	113333.0	2.71	3869970	92.6
GmC01075_CKDL210018111-1a-AK7761-GC12_HH72GDSX2_L1_clmp_fp2_r2_screen	4179234	196442.0	4.69	1.0	0.0	0.0	0.0	1.0	0.0	20157.0	0.48	122026.0	2.92	287449.0	6.880000000000001	121150.0	2.9	197526.0	4.73	89405.0	2.1399999999999997	120861.0	2.8899999999999997	113579.0	2.72	3867463	92.54
GmC01077_CKDL210018111-1a-AK9142-GC12_HH72GDSX2_L1_clmp_fp2_r1_screen	17728639	1183343.0	6.68	13.0	0.0	0.0	0.0	14.0	0.0	92766.0	0.52	658261.0	3.71	1494986.0	8.43	741835.0	4.1899999999999995	1005823.0	5.67	473400.0	2.66	695020.0	3.92	625515.0	3.5300000000000002	16111787	90.88
GmC01077_CKDL210018111-1a-AK9142-GC12_HH72GDSX2_L1_clmp_fp2_r2_screen	17728639	1181004.0	6.66	9.0	0.0	0.0	0.0	3.0	0.0	94692.0	0.53	659582.0	3.71	1498638.0	8.46	746734.0	4.21	1009793.0	5.69	477937.0	2.6999999999999997	697924.0	3.9399999999999995	627283.0	3.5300000000000002	16110014	90.87
GmC01078_CKDL210018111-1a-AK8410-GC12_HH72GDSX2_L1_clmp_fp2_r1_screen	5999922	348437.0	5.8	6.0	0.0	0.0	0.0	15.0	0.0	25977.0	0.43	202032.0	3.3499999999999996	453185.0	7.5600000000000005	224682.0	3.7399999999999998	304304.0	5.07	137785.0	2.3	206210.0	3.43	185067.0	3.08	5510328	91.84
GmC01078_CKDL210018111-1a-AK8410-GC12_HH72GDSX2_L1_clmp_fp2_r2_screen	5999922	347442.0	5.79	6.0	0.0	0.0	0.0	4.0	0.0	25953.0	0.43	200656.0	3.34	453918.0	7.56	224837.0	3.7399999999999998	304874.0	5.08	138151.0	2.3	206262.0	3.43	184167.0	3.07	5508528	91.81
GmC01080_CKDL210018111-1a-AK7759-GC12_HH72GDSX2_L1_clmp_fp2_r1_screen	22814	1060.0	4.64	1.0	0.0	0.0	0.0	0.0	0.0	80.0	0.35000000000000003	588.0	2.59	1356.0	5.95	663.0	2.9	889.0	3.9	426.0	1.8599999999999999	629.0	2.75	585.0	2.57	21356	93.61
GmC01081_CKDL210018111-1a-AK6881-GC12_HH72GDSX2_L1_clmp_fp2_r1_screen	1679853	93762.0	5.58	3.0	0.0	1.0	0.0	4.0	0.0	7628.0	0.45	53290.0	3.17	127113.0	7.57	56646.0	3.37	85370.0	5.09	38081.0	2.27	55842.0	3.32	50967.0	3.0300000000000002	1542273	91.81
GmC01081_CKDL210018111-1a-AK6881-GC12_HH72GDSX2_L1_clmp_fp2_r2_screen	1679853	94697.0	5.63	0.0	0.0	0.0	0.0	2.0	0.0	8005.0	0.47000000000000003	53734.0	3.19	128427.0	7.6499999999999995	57151.0	3.4000000000000004	86388.0	5.14	39179.0	2.34	56414.0	3.35	51494.0	3.06	1540761	91.72
GmC01082_CKDL210018111-1a-AK6260-GC12_HH72GDSX2_L1_clmp_fp2_r1_screen	4891	309.0	6.3100000000000005	0.0	0.0	0.0	0.0	0.0	0.0	16.0	0.33	182.0	3.72	395.0	8.06	193.0	3.95	273.0	5.58	111.0	2.27	176.0	3.5999999999999996	143.0	2.92	4460	91.19
GmC01082_CKDL210018111-1a-AK6260-GC12_HH72GDSX2_L1_clmp_fp2_r2_screen	4891	307.0	6.27	0.0	0.0	0.0	0.0	0.0	0.0	25.0	0.51	189.0	3.87	429.0	8.780000000000001	187.0	3.8200000000000003	300.0	6.14	113.0	2.31	182.0	3.71	163.0	3.3400000000000003	4424	90.47
GmC01085_CKDL210018111-1a-AK9141-7UDI246_HH72GDSX2_L1_clmp_fp2_r1_screen	889560	48313.0	5.430000000000001	0.0	0.0	0.0	0.0	5.0	0.0	4618.0	0.52	29514.0	3.3200000000000003	65631.0	7.369999999999999	30369.0	3.41	44887.0	5.04	21632.0	2.4299999999999997	29509.0	3.31	27829.0	3.12	818751	92.04
GmC01085_CKDL210018111-1a-AK9141-7UDI246_HH72GDSX2_L1_clmp_fp2_r2_screen	889560	48047.0	5.4	0.0	0.0	0.0	0.0	3.0	0.0	4641.0	0.52	29096.0	3.26	65781.0	7.4	29942.0	3.3699999999999997	44971.0	5.05	21228.0	2.3899999999999997	29489.0	3.31	27395.0	3.0799999999999996	818662	92.03
GmC01086_CKDL210018111-1a-AK3905-7UDI246_HH72GDSX2_L1_clmp_fp2_r1_screen	7959913	443493.0	5.569999999999999	21.0	0.0	0.0	0.0	14.0	0.0	38079.0	0.48	266314.0	3.35	611142.0	7.68	275028.0	3.46	411855.0	5.17	183277.0	2.3099999999999996	266441.0	3.34	243296.0	3.0500000000000003	7299240	91.7
GmC01086_CKDL210018111-1a-AK3905-7UDI246_HH72GDSX2_L1_clmp_fp2_r2_screen	7959913	441088.0	5.54	14.0	0.0	0.0	0.0	6.0	0.0	39092.0	0.49	265842.0	3.3400000000000003	610956.0	7.68	276885.0	3.47	412274.0	5.1899999999999995	184854.0	2.32	267210.0	3.35	243191.0	3.05	7300036	91.71
GmC01087_CKDL210018111-1a-AK7761-7UDI246_HH72GDSX2_L1_clmp_fp2_r1_screen	3039849	194220.0	6.38	5.0	0.0	0.0	0.0	14.0	0.0	38109.0	1.25	116076.0	3.81	230754.0	7.58	132595.0	4.36	168633.0	5.54	96137.0	3.17	131088.0	4.3100000000000005	119517.0	3.9299999999999997	2793317	91.89
GmC01087_CKDL210018111-1a-AK7761-7UDI246_HH72GDSX2_L1_clmp_fp2_r2_screen	3039849	192599.0	6.34	4.0	0.0	0.0	0.0	1.0	0.0	38175.0	1.26	115694.0	3.8	230467.0	7.59	131042.0	4.3	168020.0	5.5200000000000005	96102.0	3.1599999999999997	129932.0	4.26	119347.0	3.92	2793925	91.91
GmC01089_CKDL210018111-1a-AK9142-7UDI246_HH72GDSX2_L1_clmp_fp2_r1_screen	8505807	382015.0	4.49	14.0	0.0	0.0	0.0	9.0	0.0	46179.0	0.54	211124.0	2.48	520612.0	6.12	215382.0	2.53	356838.0	4.1899999999999995	174218.0	2.05	242946.0	2.8499999999999996	224228.0	2.63	7933366	93.27
GmC01089_CKDL210018111-1a-AK9142-7UDI246_HH72GDSX2_L1_clmp_fp2_r2_screen	8505807	384202.0	4.52	20.0	0.0	0.0	0.0	5.0	0.0	47961.0	0.56	213489.0	2.5100000000000002	525664.0	6.18	218140.0	2.56	360882.0	4.24	177241.0	2.08	244870.0	2.87	227304.0	2.66	7929113	93.22
GmC01090_CKDL210018111-1a-AK8410-7UDI246_HH72GDSX2_L1_clmp_fp2_r1_screen	4423231	310940.0	7.02	8.0	0.0	0.0	0.0	24.0	0.0	55891.0	1.27	187655.0	4.24	378764.0	8.57	209509.0	4.7299999999999995	275937.0	6.24	151911.0	3.4299999999999997	202938.0	4.58	189205.0	4.2700000000000005	4014966	90.77
GmC01090_CKDL210018111-1a-AK8410-7UDI246_HH72GDSX2_L1_clmp_fp2_r2_screen	4423231	311048.0	7.029999999999999	13.0	0.0	0.0	0.0	8.0	0.0	56349.0	1.28	187310.0	4.2299999999999995	382206.0	8.64	209300.0	4.74	277236.0	6.27	152433.0	3.4499999999999997	203717.0	4.6	189280.0	4.28	4011428	90.69
GmC01092_CKDL210018111-1a-AK7759-7UDI246_HH72GDSX2_L1_clmp_fp2_r1_screen	5215763	264507.0	5.08	0.0	0.0	0.0	0.0	30.0	0.0	23266.0	0.44	145328.0	2.7800000000000002	339911.0	6.5200000000000005	162000.0	3.1	231132.0	4.43	110549.0	2.12	162640.0	3.1100000000000003	146713.0	2.8	4847008	92.93
GmC01092_CKDL210018111-1a-AK7759-7UDI246_HH72GDSX2_L1_clmp_fp2_r2_screen	5215763	264836.0	5.08	1.0	0.0	0.0	0.0	4.0	0.0	23986.0	0.46	145055.0	2.78	341530.0	6.55	161995.0	3.11	231308.0	4.43	111531.0	2.1399999999999997	162759.0	3.12	146629.0	2.8	4845443	92.9
GmC01093_CKDL210018111-1a-AK6881-7UDI246_HH72GDSX2_L1_clmp_fp2_r1_screen	52100	2769.0	5.32	0.0	0.0	0.0	0.0	0.0	0.0	329.0	0.64	1558.0	2.9899999999999998	3404.0	6.529999999999999	1741.0	3.33	2323.0	4.47	1117.0	2.14	1678.0	3.21	1522.0	2.92	48380	92.86
GmC01093_CKDL210018111-1a-AK6881-7UDI246_HH72GDSX2_L1_clmp_fp2_r2_screen	52100	2768.0	5.3100000000000005	0.0	0.0	0.0	0.0	0.0	0.0	348.0	0.67	1566.0	3.0100000000000002	3398.0	6.5200000000000005	1797.0	3.45	2365.0	4.55	1207.0	2.32	1706.0	3.2800000000000002	1592.0	3.0599999999999996	48421	92.94
GmC01094_CKDL210018111-1a-AK6260-7UDI246_HH72GDSX2_L1_clmp_fp2_r1_screen	150570	10104.0	6.72	0.0	0.0	0.0	0.0	2.0	0.0	545.0	0.36	5804.0	3.87	13095.0	8.7	6522.0	4.32	8679.0	5.77	3737.0	2.48	5751.0	3.82	5038.0	3.3400000000000003	136431	90.61
GmC01094_CKDL210018111-1a-AK6260-7UDI246_HH72GDSX2_L1_clmp_fp2_r2_screen	150570	10420.0	6.93	0.0	0.0	0.0	0.0	1.0	0.0	621.0	0.41000000000000003	5971.0	3.9699999999999998	13498.0	8.97	6694.0	4.45	9145.0	6.08	3934.0	2.61	5977.0	3.9699999999999998	5375.0	3.56	135994	90.32
GmC01095_CKDL210018111-1a-AK7010-7UDI246_HH72GDSX2_L1_clmp_fp2_r1_screen	174945	10726.0	6.140000000000001	0.0	0.0	0.0	0.0	1.0	0.0	697.0	0.4	11509.0	6.58	22199.0	12.690000000000001	7243.0	4.140000000000001	12735.0	7.28	3561.0	2.04	6031.0	3.44	5286.0	3.0300000000000002	150960	86.29
GmC01095_CKDL210018111-1a-AK7010-7UDI246_HH72GDSX2_L1_clmp_fp2_r2_screen	174945	10680.0	6.1	0.0	0.0	0.0	0.0	1.0	0.0	724.0	0.41000000000000003	11208.0	6.41	22230.0	12.709999999999999	7173.0	4.09	12729.0	7.28	3555.0	2.0300000000000002	6087.0	3.48	5074.0	2.9	150907	86.26
GmC01096_CKDL210018111-1a-5UDI312-7UDI246_HH72GDSX2_L1_clmp_fp2_r1_screen	9139	521.0	5.7	2.0	0.02	0.0	0.0	0.0	0.0	127.0	1.39	357.0	3.9000000000000004	665.0	7.27	388.0	4.24	475.0	5.2	304.0	3.33	383.0	4.19	341.0	3.7399999999999998	8436	92.31
GmC01096_CKDL210018111-1a-5UDI312-7UDI246_HH72GDSX2_L1_clmp_fp2_r2_screen	9139	494.0	5.41	0.0	0.0	0.0	0.0	0.0	0.0	110.0	1.2	309.0	3.38	615.0	6.720000000000001	333.0	3.64	451.0	4.92	259.0	2.8400000000000003	349.0	3.81	322.0	3.5300000000000002	8478	92.77
GmC02001_CKDL210018111-1a-5UDI298-7UDI243_HH72GDSX2_L1_clmp_fp2_r1_screen	456402	26833.0	5.88	4.0	0.0	0.0	0.0	5.0	0.0	2935.0	0.64	15500.0	3.3899999999999997	34908.0	7.65	17118.0	3.75	23839.0	5.22	11183.0	2.45	16387.0	3.58	15027.0	3.29	419068	91.82
GmC02001_CKDL210018111-1a-5UDI298-7UDI243_HH72GDSX2_L1_clmp_fp2_r2_screen	456402	26775.0	5.87	4.0	0.0	0.0	0.0	2.0	0.0	2944.0	0.64	15354.0	3.37	35099.0	7.6899999999999995	17085.0	3.7399999999999998	23880.0	5.24	11049.0	2.42	16605.0	3.6399999999999997	14765.0	3.23	418657	91.73
GmC02002_CKDL210018111-1a-AK9142-AK33_HH72GDSX2_L1_clmp_fp2_r1_screen	412964	19820.0	4.8	0.0	0.0	0.0	0.0	0.0	0.0	2375.0	0.5700000000000001	11577.0	2.8	26789.0	6.49	12232.0	2.96	18263.0	4.42	8659.0	2.09	12210.0	2.9499999999999997	11529.0	2.79	384056	93.0
GmC02002_CKDL210018111-1a-AK9142-AK33_HH72GDSX2_L1_clmp_fp2_r2_screen	412964	20034.0	4.859999999999999	0.0	0.0	0.0	0.0	0.0	0.0	2522.0	0.61	11788.0	2.86	27091.0	6.56	12457.0	3.02	18608.0	4.51	8950.0	2.17	12429.0	3.01	11592.0	2.8	383643	92.9
GmC02006_CKDL210018111-1a-AK6260-AK8544_HH72GDSX2_L1_clmp_fp2_r1_screen	18459	1814.0	9.83	0.0	0.0	0.0	0.0	0.0	0.0	88.0	0.47	1060.0	5.739999999999999	2332.0	12.64	1230.0	6.66	1462.0	7.92	605.0	3.2800000000000002	968.0	5.24	866.0	4.7	15996	86.66
GmC02006_CKDL210018111-1a-AK6260-AK8544_HH72GDSX2_L1_clmp_fp2_r2_screen	18459	1815.0	9.84	0.0	0.0	0.0	0.0	0.0	0.0	74.0	0.41000000000000003	970.0	5.260000000000001	2266.0	12.27	1145.0	6.21	1380.0	7.47	557.0	3.02	937.0	5.07	783.0	4.24	16002	86.69
GmC02007_CKDL210018111-1a-AK7010-AK892_HH72GDSX2_L1_clmp_fp2_r1_screen	1698	89.0	5.24	0.0	0.0	0.0	0.0	0.0	0.0	6.0	0.35	46.0	2.71	119.0	7.01	58.0	3.42	89.0	5.24	33.0	1.95	56.0	3.3	48.0	2.83	1567	92.34
GmC02007_CKDL210018111-1a-AK7010-AK892_HH72GDSX2_L1_clmp_fp2_r2_screen	1698	78.0	4.6000000000000005	0.0	0.0	0.0	0.0	0.0	0.0	6.0	0.35	37.0	2.18	110.0	6.48	53.0	3.12	73.0	4.3	25.0	1.47	46.0	2.71	34.0	2.0100000000000002	1582	93.17
GmC02008_CKDL210018111-1a-AK7759-7UDI243_HH72GDSX2_L1_clmp_fp2_r1_screen	23380	1808.0	7.739999999999999	0.0	0.0	0.0	0.0	0.0	0.0	79.0	0.34	1024.0	4.37	2326.0	9.96	1210.0	5.18	1498.0	6.3999999999999995	601.0	2.57	999.0	4.27	871.0	3.72	20887	89.34
GmC02008_CKDL210018111-1a-AK7759-7UDI243_HH72GDSX2_L1_clmp_fp2_r2_screen	23380	1833.0	7.84	0.0	0.0	0.0	0.0	0.0	0.0	103.0	0.44	1059.0	4.53	2365.0	10.12	1209.0	5.17	1490.0	6.369999999999999	582.0	2.49	1051.0	4.49	875.0	3.74	20831	89.1
GmC02011_CKDL210018111-1a-AK9142-7UDI298_HH72GDSX2_L1_clmp_fp2_r1_screen	7478055	530648.0	7.1	6.0	0.0	0.0	0.0	7.0	0.0	40947.0	0.54	299349.0	4.01	670927.0	8.969999999999999	355987.0	4.760000000000001	457270.0	6.109999999999999	212212.0	2.83	296078.0	3.96	283593.0	3.79	6757170	90.36
GmC02011_CKDL210018111-1a-AK9142-7UDI298_HH72GDSX2_L1_clmp_fp2_r2_screen	7478055	533832.0	7.14	8.0	0.0	0.0	0.0	3.0	0.0	42271.0	0.5700000000000001	300509.0	4.01	676050.0	9.04	358633.0	4.79	460972.0	6.17	215185.0	2.8699999999999997	300640.0	4.01	285045.0	3.8000000000000003	6751188	90.28
GmC02012_CKDL210018111-1a-AK6260-AK9148_HH72GDSX2_L1_clmp_fp2_r1_screen	27628	2340.0	8.459999999999999	0.0	0.0	0.0	0.0	0.0	0.0	127.0	0.46	1288.0	4.66	2884.0	10.44	1522.0	5.51	1886.0	6.82	866.0	3.14	1340.0	4.85	1180.0	4.27	24528	88.78
GmC02012_CKDL210018111-1a-AK6260-AK9148_HH72GDSX2_L1_clmp_fp2_r2_screen	27628	2289.0	8.29	0.0	0.0	0.0	0.0	0.0	0.0	115.0	0.41000000000000003	1250.0	4.5200000000000005	2858.0	10.35	1475.0	5.33	1831.0	6.630000000000001	816.0	2.9499999999999997	1258.0	4.56	1104.0	3.9899999999999998	24553	88.87
GmC02013_CKDL210018111-1a-AK6881-AK9148_HH72GDSX2_L1_clmp_fp2_r1_screen	132560	9972.0	7.529999999999999	1.0	0.0	0.0	0.0	0.0	0.0	790.0	0.59	5717.0	4.32	12549.0	9.459999999999999	6544.0	4.9399999999999995	8419.0	6.35	3897.0	2.95	5754.0	4.33	5287.0	3.98	119065	89.82
GmC02013_CKDL210018111-1a-AK6881-AK9148_HH72GDSX2_L1_clmp_fp2_r2_screen	132560	9909.0	7.48	1.0	0.0	0.0	0.0	0.0	0.0	779.0	0.58	5636.0	4.25	12521.0	9.45	6486.0	4.89	8377.0	6.319999999999999	3863.0	2.9099999999999997	5653.0	4.26	5276.0	3.98	119065	89.82
GmC02014_CKDL210018111-1a-AK9142-AK892_HH72GDSX2_L1_clmp_fp2_r1_screen	224494	12711.0	5.67	0.0	0.0	0.0	0.0	0.0	0.0	1004.0	0.45	7220.0	3.22	16634.0	7.42	7887.0	3.5100000000000002	11119.0	4.95	4893.0	2.1799999999999997	7407.0	3.3	6745.0	3.0100000000000002	206444	91.96
GmC02014_CKDL210018111-1a-AK9142-AK892_HH72GDSX2_L1_clmp_fp2_r2_screen	224494	12700.0	5.66	0.0	0.0	0.0	0.0	0.0	0.0	976.0	0.44	7026.0	3.13	16682.0	7.43	7899.0	3.52	10990.0	4.89	4897.0	2.1799999999999997	7482.0	3.34	6583.0	2.92	206422	91.95
GmC02015_CKDL210018111-1a-5UDI312-AK33_HH72GDSX2_L1_clmp_fp2_r1_screen	64097	3335.0	5.199999999999999	2.0	0.0	0.0	0.0	0.0	0.0	406.0	0.63	1923.0	3.0	4460.0	6.96	2021.0	3.16	3120.0	4.859999999999999	1618.0	2.5300000000000002	2155.0	3.3600000000000003	1968.0	3.07	59264	92.46
GmC02015_CKDL210018111-1a-5UDI312-AK33_HH72GDSX2_L1_clmp_fp2_r2_screen	64097	3505.0	5.48	0.0	0.0	0.0	0.0	0.0	0.0	365.0	0.5700000000000001	1931.0	3.01	4617.0	7.2	2098.0	3.27	3196.0	4.9799999999999995	1585.0	2.48	2257.0	3.51	1998.0	3.12	59065	92.15
GmC02016_CKDL210018111-1a-AK9142-AK4997_HH72GDSX2_L1_clmp_fp2_r1_screen	11679	660.0	5.65	0.0	0.0	0.0	0.0	0.0	0.0	40.0	0.34	366.0	3.13	866.0	7.42	418.0	3.58	552.0	4.72	246.0	2.1	358.0	3.06	325.0	2.78	10740	91.96
GmC02016_CKDL210018111-1a-AK9142-AK4997_HH72GDSX2_L1_clmp_fp2_r2_screen	11679	702.0	6.01	1.0	0.01	0.0	0.0	0.0	0.0	46.0	0.4	406.0	3.48	861.0	7.37	463.0	3.97	570.0	4.89	269.0	2.31	377.0	3.23	363.0	3.1100000000000003	10751	92.06
GmC02017_CKDL210018111-1a-AK9142-7UDI243_HH72GDSX2_L1_clmp_fp2_r1_screen	86489	5494.0	6.359999999999999	0.0	0.0	0.0	0.0	0.0	0.0	455.0	0.52	3246.0	3.75	7271.0	8.41	3553.0	4.1	4894.0	5.66	2090.0	2.41	3266.0	3.7800000000000002	2895.0	3.35	78722	91.02
GmC02017_CKDL210018111-1a-AK9142-7UDI243_HH72GDSX2_L1_clmp_fp2_r2_screen	86489	5500.0	6.359999999999999	0.0	0.0	0.0	0.0	0.0	0.0	433.0	0.5	3255.0	3.77	7289.0	8.44	3515.0	4.06	4857.0	5.61	1988.0	2.29	3198.0	3.69	2835.0	3.2800000000000002	78627	90.91
GmC02018_CKDL210018111-1a-AK9142-AK9148_HH72GDSX2_L1_clmp_fp2_r1_screen	5784389	411701.0	7.11	2.0	0.0	1.0	0.0	9.0	0.0	33468.0	0.5700000000000001	248005.0	4.29	565469.0	9.780000000000001	265588.0	4.59	374244.0	6.4799999999999995	156354.0	2.6999999999999997	235154.0	4.0600000000000005	219373.0	3.79	5178185	89.52
GmC02018_CKDL210018111-1a-AK9142-AK9148_HH72GDSX2_L1_clmp_fp2_r2_screen	5784389	412471.0	7.14	3.0	0.0	0.0	0.0	1.0	0.0	34221.0	0.6	247791.0	4.29	567236.0	9.81	267290.0	4.619999999999999	375797.0	6.49	157951.0	2.73	238400.0	4.109999999999999	219125.0	3.78	5175871	89.48
GmC02019_CKDL210018111-1a-AK7761-AK9148_HH72GDSX2_L1_clmp_fp2_r1_screen	47919	2463.0	5.13	0.0	0.0	0.0	0.0	0.0	0.0	201.0	0.42	1328.0	2.78	3419.0	7.14	1427.0	2.9699999999999998	2316.0	4.84	1051.0	2.2	1474.0	3.08	1356.0	2.84	44214	92.27
GmC02019_CKDL210018111-1a-AK7761-AK9148_HH72GDSX2_L1_clmp_fp2_r2_screen	47919	2528.0	5.289999999999999	0.0	0.0	0.0	0.0	0.0	0.0	228.0	0.47000000000000003	1415.0	2.95	3469.0	7.239999999999999	1531.0	3.19	2350.0	4.9	1089.0	2.2699999999999996	1566.0	3.27	1370.0	2.85	44157	92.15
GmC02020_CKDL210018111-1a-AK6881-AK33_HH72GDSX2_L1_clmp_fp2_r1_screen	1943175	235647.0	12.120000000000001	3.0	0.0	0.0	0.0	3.0	0.0	11120.0	0.5700000000000001	135970.0	6.99	287232.0	14.79	168579.0	8.67	189218.0	9.74	80674.0	4.15	119138.0	6.130000000000001	115165.0	5.92	1636736	84.23
GmC02020_CKDL210018111-1a-AK6881-AK33_HH72GDSX2_L1_clmp_fp2_r2_screen	1943175	235037.0	12.1	6.0	0.0	0.0	0.0	0.0	0.0	11321.0	0.58	135347.0	6.96	289030.0	14.870000000000001	168984.0	8.700000000000001	189721.0	9.76	81167.0	4.18	120434.0	6.209999999999999	114584.0	5.89	1635181	84.15
GmC02021_CKDL210018111-1a-AK6260-7UDI227_HH72GDSX2_L1_clmp_fp2_r1_screen	171	4.0	2.34	0.0	0.0	0.0	0.0	0.0	0.0	0.0	0.0	2.0	1.17	9.0	5.26	4.0	2.34	3.0	1.75	1.0	0.58	1.0	0.58	2.0	1.17	162	94.74
GmC02021_CKDL210018111-1a-AK6260-7UDI227_HH72GDSX2_L1_clmp_fp2_r2_screen	171	4.0	2.33	0.0	0.0	0.0	0.0	0.0	0.0	0.0	0.0	1.0	0.58	5.0	2.92	1.0	0.58	2.0	1.17	1.0	0.58	1.0	0.58	1.0	0.58	164	96.49
GmC02022_CKDL210018111-1a-AK3905-7UDI227_HH72GDSX2_L1_clmp_fp2_r1_screen	4185266	280918.0	6.71	7.0	0.0	0.0	0.0	13.0	0.0	22543.0	0.54	156453.0	3.73	352469.0	8.43	181950.0	4.35	235293.0	5.62	105293.0	2.51	162055.0	3.8699999999999997	147147.0	3.51	3807336	90.97
GmC02022_CKDL210018111-1a-AK3905-7UDI227_HH72GDSX2_L1_clmp_fp2_r2_screen	4185266	280592.0	6.699999999999999	6.0	0.0	0.0	0.0	0.0	0.0	23054.0	0.55	156273.0	3.73	353872.0	8.440000000000001	182738.0	4.37	235870.0	5.6499999999999995	106200.0	2.54	162866.0	3.8899999999999997	146367.0	3.4899999999999998	3806080	90.94
GmC02023_CKDL210018111-1a-AK6881-AK4997_HH72GDSX2_L1_clmp_fp2_r1_screen	20034	2185.0	10.9	1.0	0.0	0.0	0.0	0.0	0.0	153.0	0.76	1248.0	6.23	2675.0	13.35	1396.0	6.96	1688.0	8.43	735.0	3.66	1206.0	6.02	1039.0	5.180000000000001	17203	85.87
GmC02023_CKDL210018111-1a-AK6881-AK4997_HH72GDSX2_L1_clmp_fp2_r2_screen	20034	2144.0	10.69	1.0	0.0	0.0	0.0	0.0	0.0	169.0	0.84	1270.0	6.33	2687.0	13.409999999999998	1431.0	7.13	1729.0	8.63	755.0	3.76	1194.0	5.96	1106.0	5.5200000000000005	17191	85.81
GmC02024_CKDL210018111-1a-AK6260-AK4997_HH72GDSX2_L1_clmp_fp2_r1_screen	123	11.0	8.940000000000001	0.0	0.0	0.0	0.0	0.0	0.0	0.0	0.0	4.0	3.25	13.0	10.57	6.0	4.88	6.0	4.880000000000001	3.0	2.44	7.0	5.7	5.0	4.07	109	89.43
GmC02024_CKDL210018111-1a-AK6260-AK4997_HH72GDSX2_L1_clmp_fp2_r2_screen	123	9.0	7.3100000000000005	0.0	0.0	0.0	0.0	0.0	0.0	1.0	0.81	5.0	4.07	9.0	7.3100000000000005	6.0	4.88	6.0	4.88	5.0	4.07	6.0	4.880000000000001	5.0	4.07	113	91.87
GmC02025_CKDL210018111-1a-AK7010-7UDI243_HH72GDSX2_L1_clmp_fp2_r1_screen	3508430	246939.0	7.04	10.0	0.0	0.0	0.0	4.0	0.0	22686.0	0.64	151482.0	4.33	330912.0	9.44	159965.0	4.57	220881.0	6.29	99811.0	2.84	145771.0	4.16	135155.0	3.84	3154078	89.9
GmC02025_CKDL210018111-1a-AK7010-7UDI243_HH72GDSX2_L1_clmp_fp2_r2_screen	3508430	248265.0	7.08	1.0	0.0	0.0	0.0	1.0	0.0	23088.0	0.66	151607.0	4.32	334517.0	9.53	161940.0	4.609999999999999	222926.0	6.35	100771.0	2.87	147535.0	4.21	135551.0	3.86	3150219	89.79
GmC02026_CKDL210018111-1a-AK9141-AK4997_HH72GDSX2_L1_clmp_fp2_r1_screen	13965	936.0	6.699999999999999	0.0	0.0	0.0	0.0	0.0	0.0	76.0	0.55	549.0	3.93	1226.0	8.790000000000001	551.0	3.9400000000000004	802.0	5.73	397.0	2.8400000000000003	574.0	4.12	473.0	3.3899999999999997	12621	90.38
GmC02026_CKDL210018111-1a-AK9141-AK4997_HH72GDSX2_L1_clmp_fp2_r2_screen	13965	934.0	6.680000000000001	1.0	0.01	0.0	0.0	0.0	0.0	78.0	0.55	569.0	4.07	1251.0	8.96	600.0	4.29	865.0	6.19	393.0	2.81	554.0	3.9699999999999998	553.0	3.96	12613	90.32
GmC02027_CKDL210018111-1a-AK7010-AK8544_HH72GDSX2_L1_clmp_fp2_r1_screen	22983	2221.0	9.66	1.0	0.0	0.0	0.0	0.0	0.0	94.0	0.41	1255.0	5.46	2696.0	11.73	1432.0	6.2299999999999995	1806.0	7.85	845.0	3.67	1220.0	5.3100000000000005	1100.0	4.79	20094	87.43
GmC02027_CKDL210018111-1a-AK7010-AK8544_HH72GDSX2_L1_clmp_fp2_r2_screen	22983	2243.0	9.760000000000002	1.0	0.0	0.0	0.0	0.0	0.0	123.0	0.53	1240.0	5.4	2784.0	12.11	1435.0	6.23	1804.0	7.85	860.0	3.74	1260.0	5.48	1126.0	4.89	19986	86.96
GmC02029_CKDL210018111-1a-5UDI298-AK892_HH72GDSX2_L1_clmp_fp2_r1_screen	20792	1111.0	5.3500000000000005	0.0	0.0	0.0	0.0	0.0	0.0	115.0	0.55	608.0	2.92	1422.0	6.84	678.0	3.2600000000000002	949.0	4.5600000000000005	426.0	2.05	640.0	3.0700000000000003	585.0	2.8	19278	92.72
GmC02029_CKDL210018111-1a-5UDI298-AK892_HH72GDSX2_L1_clmp_fp2_r2_screen	20792	1149.0	5.54	0.0	0.0	0.0	0.0	0.0	0.0	126.0	0.61	667.0	3.21	1483.0	7.12	712.0	3.43	1025.0	4.93	472.0	2.27	711.0	3.41	644.0	3.1	19172	92.21
GmC02031_CKDL210018111-1a-AK9141-7UDI227_HH72GDSX2_L1_clmp_fp2_r1_screen	1004637	59746.0	5.95	0.0	0.0	0.0	0.0	6.0	0.0	5602.0	0.56	37157.0	3.6999999999999997	84308.0	8.39	38320.0	3.81	56224.0	5.6	24163.0	2.4	35575.0	3.5399999999999996	32348.0	3.21	913817	90.96
GmC02031_CKDL210018111-1a-AK9141-7UDI227_HH72GDSX2_L1_clmp_fp2_r2_screen	1004637	60836.0	6.05	0.0	0.0	0.0	0.0	3.0	0.0	5786.0	0.5800000000000001	37209.0	3.71	85487.0	8.5	38659.0	3.84	56960.0	5.67	24505.0	2.4400000000000004	35993.0	3.58	32879.0	3.27	912511	90.83
GmC02033_CKDL210018111-1a-AK6881-7UDI227_HH72GDSX2_L1_clmp_fp2_r1_screen	40940	3057.0	7.47	0.0	0.0	0.0	0.0	0.0	0.0	239.0	0.5800000000000001	1685.0	4.11	3736.0	9.129999999999999	1912.0	4.67	2404.0	5.87	1133.0	2.78	1762.0	4.3	1562.0	3.82	36952	90.26
GmC02033_CKDL210018111-1a-AK6881-7UDI227_HH72GDSX2_L1_clmp_fp2_r2_screen	40940	3054.0	7.46	0.0	0.0	0.0	0.0	0.0	0.0	238.0	0.58	1666.0	4.07	3721.0	9.08	1945.0	4.75	2476.0	6.050000000000001	1071.0	2.61	1741.0	4.26	1476.0	3.6	36911	90.16
GmC02034_CKDL210018111-1a-AK8410-7UDI227_HH72GDSX2_L1_clmp_fp2_r1_screen	169022	15481.0	9.16	3.0	0.0	0.0	0.0	1.0	0.0	846.0	0.5	10158.0	6.0	20229.0	11.959999999999999	10753.0	6.359999999999999	13203.0	7.8100000000000005	5691.0	3.36	8182.0	4.84	7850.0	4.64	146846	86.88
GmC02034_CKDL210018111-1a-AK8410-7UDI227_HH72GDSX2_L1_clmp_fp2_r2_screen	169022	15689.0	9.280000000000001	4.0	0.0	0.0	0.0	0.0	0.0	885.0	0.52	10149.0	6.0	20709.0	12.25	10771.0	6.369999999999999	13375.0	7.92	5846.0	3.46	8385.0	4.970000000000001	7731.0	4.58	146389	86.61
GmC02035_CKDL210018111-1a-AK6881-AK892_HH72GDSX2_L1_clmp_fp2_r1_screen	6098977	336417.0	5.51	15.0	0.0	0.0	0.0	8.0	0.0	36303.0	0.59	184753.0	3.03	432376.0	7.08	205334.0	3.37	297107.0	4.869999999999999	147996.0	2.4299999999999997	207386.0	3.41	192275.0	3.15	5629965	92.31
GmC02035_CKDL210018111-1a-AK6881-AK892_HH72GDSX2_L1_clmp_fp2_r2_screen	6098977	339315.0	5.5600000000000005	16.0	0.0	0.0	0.0	1.0	0.0	37183.0	0.61	186507.0	3.06	438345.0	7.1899999999999995	207598.0	3.4	300347.0	4.92	150247.0	2.46	210143.0	3.44	193414.0	3.17	5623866	92.21
GmC02036_CKDL210018111-1a-AK9141-AK9148_HH72GDSX2_L1_clmp_fp2_r1_screen	447881	36895.0	8.23	6.0	0.0	0.0	0.0	0.0	0.0	2149.0	0.48	21326.0	4.760000000000001	46518.0	10.39	24972.0	5.57	30530.0	6.8100000000000005	12780.0	2.8499999999999996	20330.0	4.54	18462.0	4.12	398255	88.92
GmC02036_CKDL210018111-1a-AK9141-AK9148_HH72GDSX2_L1_clmp_fp2_r2_screen	447881	37118.0	8.29	6.0	0.0	0.0	0.0	7.0	0.0	2208.0	0.49	21251.0	4.74	46645.0	10.41	25037.0	5.59	30796.0	6.880000000000001	12856.0	2.87	20917.0	4.67	18547.0	4.13	397897	88.84
GmC02038_CKDL210018111-1a-AK7759-7UDI227_HH72GDSX2_L1_clmp_fp2_r1_screen	90169	9295.0	10.31	0.0	0.0	0.0	0.0	0.0	0.0	453.0	0.5	5573.0	6.17	12361.0	13.71	6212.0	6.89	8045.0	8.92	3309.0	3.6799999999999997	4778.0	5.289999999999999	4320.0	4.8	76968	85.36
GmC02038_CKDL210018111-1a-AK7759-7UDI227_HH72GDSX2_L1_clmp_fp2_r2_screen	90169	9429.0	10.47	0.0	0.0	0.0	0.0	0.0	0.0	495.0	0.55	5727.0	6.35	12480.0	13.84	6534.0	7.25	8217.0	9.11	3519.0	3.9000000000000004	4943.0	5.48	4488.0	4.97	76823	85.2
GmC02039_CKDL210018111-1a-5UDI312-7UDI243_HH72GDSX2_L1_clmp_fp2_r1_screen	42192	2539.0	6.02	3.0	0.01	0.0	0.0	0.0	0.0	200.0	0.48	1594.0	3.78	3579.0	8.49	1675.0	3.97	2340.0	5.55	983.0	2.33	1498.0	3.55	1334.0	3.16	38272	90.71
GmC02039_CKDL210018111-1a-5UDI312-7UDI243_HH72GDSX2_L1_clmp_fp2_r2_screen	42192	2632.0	6.24	0.0	0.0	0.0	0.0	0.0	0.0	215.0	0.51	1674.0	3.97	3661.0	8.68	1655.0	3.9299999999999997	2426.0	5.75	990.0	2.34	1525.0	3.62	1377.0	3.2600000000000002	38183	90.5
GmC02041_CKDL210018111-1a-AK6881-7UDI243_HH72GDSX2_L1_clmp_fp2_r1_screen	47486	3972.0	8.370000000000001	0.0	0.0	0.0	0.0	0.0	0.0	228.0	0.48	2390.0	5.03	5164.0	10.870000000000001	2716.0	5.72	3346.0	7.050000000000001	1375.0	2.9	2077.0	4.37	1938.0	4.08	41934	88.31
GmC02041_CKDL210018111-1a-AK6881-7UDI243_HH72GDSX2_L1_clmp_fp2_r2_screen	47486	3965.0	8.35	0.0	0.0	0.0	0.0	0.0	0.0	235.0	0.5	2368.0	4.99	5180.0	10.92	2649.0	5.58	3352.0	7.07	1449.0	3.06	2085.0	4.390000000000001	1950.0	4.1	41887	88.21
GmC02043_CKDL210018111-1a-5UDI298-AK4997_HH72GDSX2_L1_clmp_fp2_r1_screen	9932	679.0	6.83	0.0	0.0	0.0	0.0	0.0	0.0	51.0	0.51	449.0	4.52	956.0	9.620000000000001	465.0	4.69	631.0	6.35	257.0	2.59	370.0	3.72	347.0	3.49	8909	89.71
GmC02043_CKDL210018111-1a-5UDI298-AK4997_HH72GDSX2_L1_clmp_fp2_r2_screen	9932	657.0	6.61	0.0	0.0	0.0	0.0	0.0	0.0	33.0	0.33	429.0	4.32	938.0	9.440000000000001	452.0	4.56	578.0	5.81	249.0	2.51	388.0	3.9	312.0	3.1399999999999997	8927	89.89
GmC02044_CKDL210018111-1a-AK3905-7UDI243_HH72GDSX2_L1_clmp_fp2_r1_screen	7195989	545560.0	7.59	647.0	0.01	0.0	0.0	13.0	0.0	34644.0	0.48	391370.0	5.4399999999999995	818040.0	11.37	364056.0	5.06	508554.0	7.07	187926.0	2.61	310356.0	4.32	268681.0	3.73	6318078	87.8
GmC02044_CKDL210018111-1a-AK3905-7UDI243_HH72GDSX2_L1_clmp_fp2_r2_screen	7195989	546358.0	7.59	610.0	0.01	0.0	0.0	8.0	0.0	35413.0	0.49	390623.0	5.42	819340.0	11.389999999999999	368706.0	5.12	512201.0	7.119999999999999	189829.0	2.64	313659.0	4.37	270363.0	3.75	6315919	87.77
GmC02048_CKDL210018111-1a-AK7759-AK9148_HH72GDSX2_L1_clmp_fp2_r1_screen	47684	5646.0	11.84	0.0	0.0	0.0	0.0	0.0	0.0	236.0	0.5	3107.0	6.52	6746.0	14.15	3800.0	7.970000000000001	4204.0	8.809999999999999	1648.0	3.46	3053.0	6.4	2540.0	5.33	40478	84.89
GmC02048_CKDL210018111-1a-AK7759-AK9148_HH72GDSX2_L1_clmp_fp2_r2_screen	47684	5679.0	11.92	0.0	0.0	0.0	0.0	0.0	0.0	241.0	0.51	3171.0	6.66	6881.0	14.43	3816.0	7.99	4323.0	9.059999999999999	1686.0	3.54	2963.0	6.21	2507.0	5.260000000000001	40369	84.66
GmC02049_CKDL210018111-1a-AK8410-AK892_HH72GDSX2_L1_clmp_fp2_r1_screen	527028	44741.0	8.489999999999998	510.0	0.09	0.0	0.0	4.0	0.0	2262.0	0.43	31408.0	5.96	56719.0	10.76	30454.0	5.779999999999999	35971.0	6.83	15164.0	2.88	23072.0	4.37	21234.0	4.03	461149	87.5
GmC02049_CKDL210018111-1a-AK8410-AK892_HH72GDSX2_L1_clmp_fp2_r2_screen	527028	46006.0	8.73	496.0	0.09	0.0	0.0	1.0	0.0	2500.0	0.47000000000000003	32290.0	6.12	58197.0	11.04	31694.0	6.01	37309.0	7.08	16001.0	3.04	24106.0	4.57	21995.0	4.17	459568	87.2
GmC02050_CKDL210018111-1a-AK3905-AK9148_HH72GDSX2_L1_clmp_fp2_r1_screen	486651	37513.0	7.71	13.0	0.0	1.0	0.0	2.0	0.0	2586.0	0.53	19946.0	4.1	44555.0	9.15	23871.0	4.91	29199.0	6.01	12893.0	2.65	21468.0	4.41	18724.0	3.84	438667	90.14
GmC02050_CKDL210018111-1a-AK3905-AK9148_HH72GDSX2_L1_clmp_fp2_r2_screen	486651	37522.0	7.72	8.0	0.0	1.0	0.0	1.0	0.0	2512.0	0.52	19888.0	4.09	45006.0	9.25	24121.0	4.95	29526.0	6.07	12894.0	2.65	21675.0	4.460000000000001	18821.0	3.87	438277	90.06
GmC02052_CKDL210018111-1a-AK6881-7UDI298_HH72GDSX2_L1_clmp_fp2_r1_screen	4342410	498766.0	11.49	109.0	0.0	0.0	0.0	35.0	0.0	23350.0	0.53	288382.0	6.640000000000001	613079.0	14.11	340504.0	7.84	393203.0	9.06	162377.0	3.7399999999999998	265227.0	6.109999999999999	236828.0	5.449999999999999	3687574	84.92
GmC02052_CKDL210018111-1a-AK6881-7UDI298_HH72GDSX2_L1_clmp_fp2_r2_screen	4342410	504368.0	11.61	100.0	0.0	0.0	0.0	3.0	0.0	24153.0	0.56	289268.0	6.66	621438.0	14.31	345582.0	7.95	398347.0	9.17	164881.0	3.8	271649.0	6.26	238169.0	5.48	3678021	84.7
GmC02054_CKDL210018111-1a-AK3905-AK8544_HH72GDSX2_L1_clmp_fp2_r1_screen	22264	1417.0	6.369999999999999	5.0	0.02	0.0	0.0	0.0	0.0	102.0	0.46	830.0	3.7300000000000004	1892.0	8.5	947.0	4.25	1219.0	5.4799999999999995	514.0	2.31	819.0	3.68	719.0	3.23	20220	90.82
GmC02054_CKDL210018111-1a-AK3905-AK8544_HH72GDSX2_L1_clmp_fp2_r2_screen	22264	1413.0	6.3500000000000005	7.0	0.03	0.0	0.0	0.0	0.0	97.0	0.43	858.0	3.85	1863.0	8.36	924.0	4.15	1179.0	5.3	508.0	2.28	752.0	3.37	704.0	3.1500000000000004	20249	90.95
GmC02056_CKDL210018111-1a-AK8410-AK4997_HH72GDSX2_L1_clmp_fp2_r1_screen	5032584	499042.0	9.92	1630.0	0.03	0.0	0.0	8.0	0.0	25187.0	0.5	307621.0	6.11	636052.0	12.629999999999999	350730.0	6.970000000000001	418897.0	8.33	178463.0	3.54	256427.0	5.09	245291.0	4.88	4345636	86.35
GmC02056_CKDL210018111-1a-AK8410-AK4997_HH72GDSX2_L1_clmp_fp2_r2_screen	5032584	500238.0	9.94	1608.0	0.03	0.0	0.0	4.0	0.0	25918.0	0.52	306346.0	6.09	638605.0	12.7	352807.0	7.0	420899.0	8.36	179421.0	3.57	260551.0	5.17	244153.0	4.85	4342113	86.28
GmC02057_CKDL210018111-1a-AK7010-7UDI227_HH72GDSX2_L1_clmp_fp2_r1_screen	1249	62.0	4.96	0.0	0.0	0.0	0.0	0.0	0.0	7.0	0.56	40.0	3.1999999999999997	100.0	8.0	40.0	3.2	56.0	4.48	25.0	2.0	32.0	2.56	35.0	2.8	1144	91.67
GmC02057_CKDL210018111-1a-AK7010-7UDI227_HH72GDSX2_L1_clmp_fp2_r2_screen	1249	70.0	5.6000000000000005	0.0	0.0	0.0	0.0	0.0	0.0	10.0	0.8	50.0	4.0	98.0	7.84	52.0	4.16	59.0	4.72	30.0	2.4000000000000004	49.0	3.92	44.0	3.52	1143	91.59
GmC02059_CKDL210018111-1a-AK8410-AK8544_HH72GDSX2_L1_clmp_fp2_r1_screen	4216335	414456.0	9.829999999999998	450.0	0.01	1.0	0.0	46.0	0.0	23170.0	0.55	243495.0	5.77	513992.0	12.19	282603.0	6.7	336597.0	7.97	145816.0	3.46	218343.0	5.18	203856.0	4.83	3660200	86.81
GmC02059_CKDL210018111-1a-AK8410-AK8544_HH72GDSX2_L1_clmp_fp2_r2_screen	4216335	416739.0	9.889999999999999	419.0	0.01	0.0	0.0	9.0	0.0	24581.0	0.59	244849.0	5.81	519629.0	12.34	285600.0	6.77	340696.0	8.08	149553.0	3.55	223476.0	5.300000000000001	204950.0	4.859999999999999	3653875	86.66
GmC02063_CKDL210018111-1a-AK6881-AK8544_HH72GDSX2_L1_clmp_fp2_r1_screen	3689721	346520.0	9.4	315.0	0.01	1.0	0.0	16.0	0.0	20392.0	0.55	193061.0	5.24	415239.0	11.25	234231.0	6.35	276757.0	7.510000000000001	120153.0	3.2600000000000002	188815.0	5.12	173805.0	4.71	3243633	87.91
GmC02063_CKDL210018111-1a-AK6881-AK8544_HH72GDSX2_L1_clmp_fp2_r2_screen	3689721	346687.0	9.4	313.0	0.01	0.0	0.0	2.0	0.0	20977.0	0.5700000000000001	192839.0	5.23	418247.0	11.34	235615.0	6.380000000000001	278404.0	7.54	122289.0	3.32	190566.0	5.17	173608.0	4.7	3239944	87.81
GmC02064_CKDL210018111-1a-AK6260-7UDI298_HH72GDSX2_L1_clmp_fp2_r1_screen	2781	388.0	13.950000000000001	0.0	0.0	0.0	0.0	0.0	0.0	18.0	0.65	222.0	7.98	467.0	16.79	274.0	9.85	331.0	11.9	138.0	4.97	196.0	7.050000000000001	181.0	6.51	2290	82.38
GmC02064_CKDL210018111-1a-AK6260-7UDI298_HH72GDSX2_L1_clmp_fp2_r2_screen	2781	373.0	13.42	0.0	0.0	0.0	0.0	0.0	0.0	27.0	0.97	222.0	8.0	446.0	16.05	268.0	9.64	310.0	11.15	157.0	5.65	209.0	7.51	198.0	7.12	2316	83.28
GmC02066_CKDL210018111-1a-AK3905-AK4997_HH72GDSX2_L1_clmp_fp2_r1_screen	13875	948.0	6.83	0.0	0.0	0.0	0.0	0.0	0.0	53.0	0.38	609.0	4.39	1335.0	9.62	633.0	4.5600000000000005	853.0	6.15	298.0	2.1500000000000004	536.0	3.87	473.0	3.41	12429	89.58
GmC02066_CKDL210018111-1a-AK3905-AK4997_HH72GDSX2_L1_clmp_fp2_r2_screen	13875	920.0	6.63	0.0	0.0	0.0	0.0	0.0	0.0	40.0	0.29000000000000004	552.0	3.98	1323.0	9.53	590.0	4.25	808.0	5.83	298.0	2.15	488.0	3.52	409.0	2.9499999999999997	12411	89.45
GmC02068_CKDL210018111-1a-AK7759-AK8544_HH72GDSX2_L1_clmp_fp2_r1_screen	73408	7423.0	10.120000000000001	1.0	0.0	0.0	0.0	0.0	0.0	269.0	0.37	4374.0	5.96	9200.0	12.53	5033.0	6.85	5838.0	7.949999999999999	2453.0	3.3400000000000003	3707.0	5.05	3459.0	4.71	63490	86.49
GmC02068_CKDL210018111-1a-AK7759-AK8544_HH72GDSX2_L1_clmp_fp2_r2_screen	73408	7750.0	10.56	2.0	0.0	0.0	0.0	0.0	0.0	403.0	0.55	4284.0	5.84	9589.0	13.06	5278.0	7.1899999999999995	6008.0	8.18	2576.0	3.52	3955.0	5.4	3459.0	4.71	63079	85.93
GmC02069_CKDL210018111-1a-AK8410-7UDI298_HH72GDSX2_L1_clmp_fp2_r1_screen	93817	6184.0	6.58	390.0	0.42	0.0	0.0	2.0	0.0	336.0	0.36	6423.0	6.84	9068.0	9.66	4575.0	4.88	5575.0	5.9399999999999995	2193.0	2.33	3302.0	3.52	3214.0	3.42	82099	87.51
GmC02069_CKDL210018111-1a-AK8410-7UDI298_HH72GDSX2_L1_clmp_fp2_r2_screen	93817	6356.0	6.78	378.0	0.4	0.0	0.0	1.0	0.0	401.0	0.42	6580.0	7.01	9350.0	9.959999999999999	4797.0	5.119999999999999	5764.0	6.15	2383.0	2.54	3565.0	3.8	3346.0	3.56	81874	87.27
GmC02072_CKDL210018111-1a-AK8410-AK9148_HH72GDSX2_L1_clmp_fp2_r1_screen	4110084	288643.0	7.03	210.0	0.0	0.0	0.0	24.0	0.0	31347.0	0.77	171527.0	4.17	372537.0	9.059999999999999	184340.0	4.48	253884.0	6.180000000000001	123296.0	3.01	166383.0	4.04	157759.0	3.83	3704007	90.12
GmC02072_CKDL210018111-1a-AK8410-AK9148_HH72GDSX2_L1_clmp_fp2_r2_screen	4110084	292724.0	7.119999999999999	218.0	0.01	0.0	0.0	5.0	0.0	31814.0	0.78	174586.0	4.25	379134.0	9.219999999999999	188670.0	4.58	258969.0	6.3	125631.0	3.0500000000000003	169650.0	4.130000000000001	160478.0	3.9	3697020	89.95
GmC02075_CKDL210018111-1a-AK9142-7UDI227_HH72GDSX2_L1_clmp_fp2_r1_screen	14773	731.0	4.9399999999999995	0.0	0.0	0.0	0.0	0.0	0.0	57.0	0.39	423.0	2.86	953.0	6.44	474.0	3.21	637.0	4.32	292.0	1.98	433.0	2.92	392.0	2.66	13749	93.07
GmC02075_CKDL210018111-1a-AK9142-7UDI227_HH72GDSX2_L1_clmp_fp2_r2_screen	14773	779.0	5.27	0.0	0.0	0.0	0.0	0.0	0.0	78.0	0.52	434.0	2.94	967.0	6.55	487.0	3.3000000000000003	642.0	4.34	324.0	2.2	467.0	3.16	403.0	2.7199999999999998	13718	92.86
GmC02077_CKDL210018111-1a-AK7761-7UDI298_HH72GDSX2_L1_clmp_fp2_r1_screen	21056	1230.0	5.84	0.0	0.0	0.0	0.0	0.0	0.0	133.0	0.63	826.0	3.93	1726.0	8.21	772.0	3.66	1148.0	5.46	530.0	2.51	745.0	3.54	685.0	3.2600000000000002	19156	90.98
GmC02077_CKDL210018111-1a-AK7761-7UDI298_HH72GDSX2_L1_clmp_fp2_r2_screen	21056	1252.0	5.95	0.0	0.0	0.0	0.0	0.0	0.0	141.0	0.67	838.0	3.98	1821.0	8.64	784.0	3.72	1176.0	5.59	560.0	2.66	767.0	3.6400000000000006	711.0	3.37	19106	90.74
GmC02080_CKDL210018111-1a-AK9141-AK8544_HH72GDSX2_L1_clmp_fp2_r1_screen	2571	168.0	6.529999999999999	0.0	0.0	0.0	0.0	0.0	0.0	19.0	0.74	90.0	3.5100000000000002	208.0	8.09	111.0	4.32	137.0	5.33	67.0	2.6	106.0	4.12	96.0	3.74	2339	90.98
GmC02080_CKDL210018111-1a-AK9141-AK8544_HH72GDSX2_L1_clmp_fp2_r2_screen	2571	179.0	6.970000000000001	0.0	0.0	0.0	0.0	0.0	0.0	13.0	0.51	105.0	4.09	209.0	8.13	127.0	4.94	150.0	5.84	77.0	2.99	112.0	4.35	100.0	3.89	2347	91.29
GmC02082_CKDL210018111-1a-AK3905-AK892_HH72GDSX2_L1_clmp_fp2_r1_screen	181980	10596.0	5.82	14.0	0.01	0.0	0.0	0.0	0.0	821.0	0.45	6541.0	3.5900000000000003	15201.0	8.36	6825.0	3.75	9814.0	5.390000000000001	4125.0	2.27	5921.0	3.25	5553.0	3.0500000000000003	165565	90.98
GmC02082_CKDL210018111-1a-AK3905-AK892_HH72GDSX2_L1_clmp_fp2_r2_screen	181980	10540.0	5.79	6.0	0.0	0.0	0.0	0.0	0.0	814.0	0.45	6598.0	3.6300000000000003	15167.0	8.33	6796.0	3.7300000000000004	9822.0	5.3999999999999995	4178.0	2.29	6030.0	3.3099999999999996	5559.0	3.0500000000000003	165656	91.03
GmC02083_CKDL210018111-1a-AK3905-AK33_HH72GDSX2_L1_clmp_fp2_r1_screen	4043334	218233.0	5.390000000000001	110.0	0.0	0.0	0.0	2.0	0.0	24632.0	0.61	129290.0	3.19	300188.0	7.43	135427.0	3.35	203627.0	5.029999999999999	93777.0	2.3200000000000003	133454.0	3.3	124600.0	3.07	3719867	92.0
GmC02083_CKDL210018111-1a-AK3905-AK33_HH72GDSX2_L1_clmp_fp2_r2_screen	4043334	219331.0	5.430000000000001	106.0	0.0	0.0	0.0	0.0	0.0	24978.0	0.61	128971.0	3.1799999999999997	302704.0	7.4799999999999995	136622.0	3.38	204989.0	5.06	94721.0	2.3499999999999996	134580.0	3.33	125211.0	3.09	3717441	91.94
GmC02086_CKDL210018111-1a-AK7759-AK33_HH72GDSX2_L1_clmp_fp2_r1_screen	6065887	452340.0	7.46	118.0	0.0	1.0	0.0	12.0	0.0	33642.0	0.55	257579.0	4.24	560739.0	9.25	298733.0	4.92	372907.0	6.15	166333.0	2.75	253370.0	4.18	231927.0	3.8200000000000003	5462937	90.06
GmC02086_CKDL210018111-1a-AK7759-AK33_HH72GDSX2_L1_clmp_fp2_r2_screen	6065887	453643.0	7.4799999999999995	113.0	0.0	0.0	0.0	2.0	0.0	34651.0	0.5700000000000001	256025.0	4.22	563883.0	9.29	300675.0	4.949999999999999	374802.0	6.17	167391.0	2.77	257896.0	4.25	231634.0	3.82	5458691	89.99
GmC02087_CKDL210018111-1a-AK8410-AK33_HH72GDSX2_L1_clmp_fp2_r1_screen	6603969	408249.0	6.18	57.0	0.0	0.0	0.0	21.0	0.0	39127.0	0.59	231427.0	3.5	529635.0	8.02	254774.0	3.85	351329.0	5.31	162080.0	2.4499999999999997	241738.0	3.65	220033.0	3.33	6033386	91.36
GmC02087_CKDL210018111-1a-AK8410-AK33_HH72GDSX2_L1_clmp_fp2_r2_screen	6603969	412586.0	6.25	59.0	0.0	0.0	0.0	9.0	0.0	39998.0	0.6	234329.0	3.5500000000000003	537264.0	8.14	259886.0	3.9299999999999997	358083.0	5.42	165829.0	2.5100000000000002	247006.0	3.73	223586.0	3.38	6024800	91.23
GmC02092_CKDL210018111-1a-AK9141-AK892_HH72GDSX2_L1_clmp_fp2_r1_screen	101355	6756.0	6.66	7.0	0.01	0.0	0.0	0.0	0.0	485.0	0.48	3970.0	3.9200000000000004	8634.0	8.51	4370.0	4.3100000000000005	5741.0	5.66	2590.0	2.56	4006.0	3.96	3529.0	3.47	92081	90.85
GmC02092_CKDL210018111-1a-AK9141-AK892_HH72GDSX2_L1_clmp_fp2_r2_screen	101355	6849.0	6.75	8.0	0.01	0.0	0.0	0.0	0.0	532.0	0.53	3827.0	3.7800000000000002	8773.0	8.66	4329.0	4.27	5776.0	5.6899999999999995	2508.0	2.4699999999999998	3903.0	3.8499999999999996	3480.0	3.43	91928	90.7
GmC02095_CKDL210018111-1a-AK7761-7UDI227_HH72GDSX2_L1_clmp_fp2_r1_screen	223980	14609.0	6.51	16.0	0.01	0.0	0.0	0.0	0.0	1539.0	0.6900000000000001	8403.0	3.75	18897.0	8.44	9191.0	4.11	13167.0	5.89	6315.0	2.82	8911.0	3.97	8424.0	3.7600000000000002	203553	90.88
GmC02095_CKDL210018111-1a-AK7761-7UDI227_HH72GDSX2_L1_clmp_fp2_r2_screen	223980	14465.0	6.46	17.0	0.01	0.0	0.0	0.0	0.0	1720.0	0.77	8529.0	3.81	18980.0	8.47	9423.0	4.21	13165.0	5.88	6475.0	2.9	8916.0	3.97	8453.0	3.76	203575	90.89
