	23.0	24.0	25.0	26.0	27.0	28.0	29.0	30.0	31.0	32.0	33.0	34.0	35.0	36.0	37.0
Gmi-ABas_001-GmA02001-L1-fp1-clmp-fp2-fqscrn-repr.R1	1.0	33.0	248.0	1321.0	4531.0	10695.0	21007.0	32411.0	44626.0	53996.0	64009.0	75019.0	120160.0	844671.0	177675.0
	23.0	24.0	25.0	26.0	27.0	28.0	29.0	30.0	31.0	32.0	33.0	34.0	35.0	36.0	37.0
Gmi-ABas_001-GmA02001-L1-fp1-clmp-fp2-fqscrn-repr.R2	7.0	84.0	545.0	2143.0	4945.0	9812.0	16403.0	24084.0	33907.0	45468.0	61992.0	91431.0	213661.0	860698.0	85223.0
	23.0	24.0	25.0	26.0	27.0	28.0	29.0	30.0	31.0	32.0	33.0	34.0	35.0	36.0	37.0
Gmi-ABas_002-GmA02002-L1-fp1-clmp-fp2-fqscrn-repr.R1	6.0	64.0	572.0	2718.0	9299.0	22550.0	42735.0	65558.0	89662.0	108842.0	129011.0	152821.0	247653.0	1641480.0	387818.0
	23.0	24.0	25.0	26.0	27.0	28.0	29.0	30.0	31.0	32.0	33.0	34.0	35.0	36.0	37.0
Gmi-ABas_002-GmA02002-L1-fp1-clmp-fp2-fqscrn-repr.R2	31.0	298.0	1531.0	4932.0	11062.0	19972.0	31717.0	45022.0	62216.0	83858.0	117425.0	176261.0	402572.0	1710563.0	233329.0
	23.0	24.0	25.0	26.0	27.0	28.0	29.0	30.0	31.0	32.0	33.0	34.0	35.0	36.0	37.0
Gmi-ABas_004-GmA02004-L1-fp1-clmp-fp2-fqscrn-repr.R1	1.0	5.0	71.0	341.0	1227.0	2970.0	5545.0	8556.0	11275.0	13918.0	16173.0	18898.0	29917.0	203925.0	50474.0
	23.0	24.0	25.0	26.0	27.0	28.0	29.0	30.0	31.0	32.0	33.0	34.0	35.0	36.0	37.0
Gmi-ABas_004-GmA02004-L1-fp1-clmp-fp2-fqscrn-repr.R2	2.0	30.0	154.0	541.0	1317.0	2579.0	4187.0	6124.0	8427.0	11046.0	15109.0	22549.0	50967.0	214110.0	26154.0
	23.0	24.0	25.0	26.0	27.0	28.0	29.0	30.0	31.0	32.0	33.0	34.0	35.0	36.0	37.0
Gmi-ABas_005-GmA02005-L1-fp1-clmp-fp2-fqscrn-repr.R1	1.0	14.0	209.0	1067.0	3523.0	8726.0	16744.0	26340.0	35334.0	42607.0	50852.0	59780.0	96190.0	662918.0	166588.0
	23.0	24.0	25.0	26.0	27.0	28.0	29.0	30.0	31.0	32.0	33.0	34.0	35.0	36.0	37.0
Gmi-ABas_005-GmA02005-L1-fp1-clmp-fp2-fqscrn-repr.R2	6.0	66.0	422.0	1508.0	3632.0	6984.0	11851.0	17166.0	24278.0	32844.0	46398.0	69346.0	162967.0	703284.0	90141.0
	23.0	24.0	25.0	26.0	27.0	28.0	29.0	30.0	31.0	32.0	33.0	34.0	35.0	36.0	37.0
Gmi-ABas_006-GmA02006-L1-fp1-clmp-fp2-fqscrn-repr.R1	2.0	25.0	182.0	977.0	3309.0	8119.0	16145.0	25327.0	34660.0	41752.0	49471.0	58759.0	96026.0	640653.0	153070.0
	23.0	24.0	25.0	26.0	27.0	28.0	29.0	30.0	31.0	32.0	33.0	34.0	35.0	36.0	37.0
Gmi-ABas_006-GmA02006-L1-fp1-clmp-fp2-fqscrn-repr.R2	5.0	64.0	348.0	1321.0	3359.0	6465.0	11054.0	16064.0	23377.0	31978.0	44748.0	67870.0	158733.0	675199.0	87892.0
	23.0	24.0	25.0	26.0	27.0	28.0	29.0	30.0	31.0	32.0	33.0	34.0	35.0	36.0	37.0
Gmi-ABas_007-GmA02007-L1-fp1-clmp-fp2-fqscrn-repr.R1	4.0	42.0	405.0	1907.0	6438.0	15304.0	28186.0	43350.0	58043.0	70286.0	81876.0	94038.0	145242.0	997806.0	266796.0
	22.0	23.0	24.0	25.0	26.0	27.0	28.0	29.0	30.0	31.0	32.0	33.0	34.0	35.0	36.0	37.0
Gmi-ABas_007-GmA02007-L1-fp1-clmp-fp2-fqscrn-repr.R2	1.0	22.0	153.0	985.0	3520.0	8066.0	14514.0	23051.0	32590.0	45033.0	59690.0	79543.0	113718.0	257569.0	1047870.0	123398.0
	23.0	24.0	25.0	26.0	27.0	28.0	29.0	30.0	31.0	32.0	33.0	34.0	35.0	36.0	37.0
Gmi-ABas_008-GmA02008-L1-fp1-clmp-fp2-fqscrn-repr.R1	3.0	49.0	448.0	2441.0	8288.0	19582.0	36760.0	55984.0	74019.0	89722.0	104544.0	121779.0	174548.0	1157089.0	367547.0
	23.0	24.0	25.0	26.0	27.0	28.0	29.0	30.0	31.0	32.0	33.0	34.0	35.0	36.0	37.0
Gmi-ABas_008-GmA02008-L1-fp1-clmp-fp2-fqscrn-repr.R2	16.0	155.0	868.0	3408.0	8690.0	17019.0	29078.0	43147.0	60924.0	80776.0	105090.0	148875.0	318561.0	1281962.0	114234.0
	23.0	24.0	25.0	26.0	27.0	28.0	29.0	30.0	31.0	32.0	33.0	34.0	35.0	36.0	37.0
Gmi-ABas_017-GmA02017-L1-fp1-clmp-fp2-fqscrn-repr.R1	1.0	24.0	162.0	826.0	2865.0	6951.0	13282.0	20534.0	27831.0	34345.0	40885.0	48630.0	79275.0	538871.0	150675.0
	23.0	24.0	25.0	26.0	27.0	28.0	29.0	30.0	31.0	32.0	33.0	34.0	35.0	36.0	37.0
Gmi-ABas_017-GmA02017-L1-fp1-clmp-fp2-fqscrn-repr.R2	2.0	45.0	353.0	1231.0	3066.0	5606.0	9450.0	13724.0	19490.0	26687.0	37347.0	56575.0	133562.0	575459.0	82560.0
	23.0	24.0	25.0	26.0	27.0	28.0	29.0	30.0	31.0	32.0	33.0	34.0	35.0	36.0	37.0
Gmi-ABas_018-GmA02018-L1-fp1-clmp-fp2-fqscrn-repr.R1	17.0	283.0	2398.0	12030.0	39544.0	92249.0	174346.0	264471.0	356531.0	431081.0	501338.0	577768.0	918556.0	5783733.0	1505152.0
	22.0	23.0	24.0	25.0	26.0	27.0	28.0	29.0	30.0	31.0	32.0	33.0	34.0	35.0	36.0	37.0
Gmi-ABas_018-GmA02018-L1-fp1-clmp-fp2-fqscrn-repr.R2	3.0	81.0	859.0	5874.0	20203.0	47052.0	85437.0	135470.0	191251.0	260846.0	346957.0	469745.0	676901.0	1494104.0	6008894.0	915820.0
	23.0	24.0	25.0	26.0	27.0	28.0	29.0	30.0	31.0	32.0	33.0	34.0	35.0	36.0	37.0
Gmi-ABas_019-GmA02019-L1-fp1-clmp-fp2-fqscrn-repr.R1	6.0	127.0	1082.0	5169.0	17077.0	40008.0	75319.0	115487.0	154876.0	188266.0	220049.0	255383.0	404640.0	2723007.0	733979.0
	22.0	23.0	24.0	25.0	26.0	27.0	28.0	29.0	30.0	31.0	32.0	33.0	34.0	35.0	36.0	37.0
Gmi-ABas_019-GmA02019-L1-fp1-clmp-fp2-fqscrn-repr.R2	4.0	28.0	396.0	2651.0	9157.0	20994.0	36878.0	58484.0	82935.0	114915.0	153184.0	209389.0	306531.0	701893.0	2863083.0	373953.0
	23.0	24.0	25.0	26.0	27.0	28.0	29.0	30.0	31.0	32.0	33.0	34.0	35.0	36.0	37.0
Gmi-ABas_020-GmA02020-L1-fp1-clmp-fp2-fqscrn-repr.R1	3.0	44.0	517.0	2633.0	8877.0	21213.0	40704.0	62634.0	84056.0	101086.0	115839.0	132050.0	204366.0	1364739.0	329696.0
	23.0	24.0	25.0	26.0	27.0	28.0	29.0	30.0	31.0	32.0	33.0	34.0	35.0	36.0	37.0
Gmi-ABas_020-GmA02020-L1-fp1-clmp-fp2-fqscrn-repr.R2	16.0	183.0	1227.0	4216.0	10348.0	19056.0	31159.0	45054.0	62490.0	82769.0	111466.0	159803.0	356341.0	1419737.0	164592.0
	23.0	24.0	25.0	26.0	27.0	28.0	29.0	30.0	31.0	32.0	33.0	34.0	35.0	36.0	37.0
Gmi-ABas_021-GmA02021-L1-fp1-clmp-fp2-fqscrn-repr.R1	9.0	85.0	858.0	4284.0	13804.0	31530.0	58614.0	87766.0	116233.0	137924.0	158697.0	178314.0	267074.0	1760042.0	458554.0
	22.0	23.0	24.0	25.0	26.0	27.0	28.0	29.0	30.0	31.0	32.0	33.0	34.0	35.0	36.0	37.0
Gmi-ABas_021-GmA02021-L1-fp1-clmp-fp2-fqscrn-repr.R2	1.0	43.0	429.0	2509.0	8229.0	18375.0	32039.0	48895.0	67175.0	89077.0	115784.0	152226.0	213461.0	467120.0	1832554.0	225871.0
	23.0	24.0	25.0	26.0	27.0	28.0	29.0	30.0	31.0	32.0	33.0	34.0	35.0	36.0	37.0
Gmi-ABas_022-GmA02022-L1-fp1-clmp-fp2-fqscrn-repr.R1	3.0	86.0	809.0	4179.0	13912.0	33550.0	65623.0	102350.0	140384.0	174405.0	208354.0	249236.0	413844.0	2796364.0	775921.0
	23.0	24.0	25.0	26.0	27.0	28.0	29.0	30.0	31.0	32.0	33.0	34.0	35.0	36.0	37.0
Gmi-ABas_022-GmA02022-L1-fp1-clmp-fp2-fqscrn-repr.R2	13.0	233.0	1550.0	5766.0	14107.0	26661.0	43887.0	64627.0	92839.0	128234.0	184463.0	283812.0	686431.0	2989117.0	457280.0
	23.0	24.0	25.0	26.0	27.0	28.0	29.0	30.0	31.0	32.0	33.0	34.0	35.0	36.0	37.0
Gmi-ABas_023-GmA02023-L1-fp1-clmp-fp2-fqscrn-repr.R1	3.0	36.0	432.0	2155.0	6990.0	16809.0	31727.0	48428.0	65115.0	80337.0	94526.0	112334.0	179659.0	1234234.0	298044.0
	23.0	24.0	25.0	26.0	27.0	28.0	29.0	30.0	31.0	32.0	33.0	34.0	35.0	36.0	37.0
Gmi-ABas_023-GmA02023-L1-fp1-clmp-fp2-fqscrn-repr.R2	9.0	174.0	1005.0	3359.0	8145.0	15300.0	24822.0	35794.0	49986.0	67447.0	91523.0	135307.0	312828.0	1274439.0	150691.0
	23.0	24.0	25.0	26.0	27.0	28.0	29.0	30.0	31.0	32.0	33.0	34.0	35.0	36.0	37.0
Gmi-ABas_028-GmA02028-L1-fp1-clmp-fp2-fqscrn-repr.R1	4.0	32.0	341.0	1721.0	5774.0	13932.0	27202.0	42144.0	56297.0	66966.0	74729.0	79685.0	110235.0	811419.0	167319.0
	22.0	23.0	24.0	25.0	26.0	27.0	28.0	29.0	30.0	31.0	32.0	33.0	34.0	35.0	36.0	37.0
Gmi-ABas_028-GmA02028-L1-fp1-clmp-fp2-fqscrn-repr.R2	1.0	14.0	125.0	812.0	2901.0	7321.0	13814.0	22933.0	33851.0	46919.0	61363.0	79001.0	104681.0	221596.0	805069.0	57399.0
	23.0	24.0	25.0	26.0	27.0	28.0	29.0	30.0	31.0	32.0	33.0	34.0	35.0	36.0	37.0
Gmi-ABas_030-GmA02030-L1-fp1-clmp-fp2-fqscrn-repr.R1	2.0	18.0	155.0	664.0	2352.0	5583.0	10275.0	15705.0	20596.0	24272.0	26988.0	28931.0	41012.0	285680.0	62118.0
	23.0	24.0	25.0	26.0	27.0	28.0	29.0	30.0	31.0	32.0	33.0	34.0	35.0	36.0	37.0
Gmi-ABas_030-GmA02030-L1-fp1-clmp-fp2-fqscrn-repr.R2	5.0	55.0	316.0	1237.0	2750.0	4927.0	8244.0	11607.0	15880.0	20729.0	26723.0	36317.0	74450.0	293741.0	27370.0
	23.0	24.0	25.0	26.0	27.0	28.0	29.0	30.0	31.0	32.0	33.0	34.0	35.0	36.0	37.0
Gmi-ABas_033-GmA02033-L1-fp1-clmp-fp2-fqscrn-repr.R1	3.0	79.0	771.0	3746.0	12063.0	29254.0	54798.0	83146.0	110270.0	130552.0	147835.0	160700.0	231759.0	1464341.0	298745.0
	22.0	23.0	24.0	25.0	26.0	27.0	28.0	29.0	30.0	31.0	32.0	33.0	34.0	35.0	36.0	37.0
Gmi-ABas_033-GmA02033-L1-fp1-clmp-fp2-fqscrn-repr.R2	2.0	28.0	313.0	2129.0	7265.0	17220.0	31168.0	49737.0	70068.0	95302.0	123276.0	159082.0	215035.0	433282.0	1414587.0	109568.0
	23.0	24.0	25.0	26.0	27.0	28.0	29.0	30.0	31.0	32.0	33.0	34.0	35.0	36.0	37.0
Gmi-ABas_034-GmA02034-L1-fp1-clmp-fp2-fqscrn-repr.R1	4.0	45.0	470.0	2452.0	8000.0	18558.0	35416.0	52971.0	68249.0	79071.0	85910.0	88202.0	117058.0	852107.0	176944.0
	23.0	24.0	25.0	26.0	27.0	28.0	29.0	30.0	31.0	32.0	33.0	34.0	35.0	36.0	37.0
Gmi-ABas_034-GmA02034-L1-fp1-clmp-fp2-fqscrn-repr.R2	28.0	219.0	1258.0	3933.0	9617.0	17585.0	28168.0	39317.0	53289.0	68168.0	85756.0	111657.0	217039.0	875854.0	73569.0
	23.0	24.0	25.0	26.0	27.0	28.0	29.0	30.0	31.0	32.0	33.0	34.0	35.0	36.0	37.0
Gmi-ABas_035-GmA02035-L1-fp1-clmp-fp2-fqscrn-repr.R1	4.0	86.0	814.0	4153.0	13553.0	33272.0	63085.0	95909.0	124732.0	145299.0	157250.0	161122.0	209242.0	1473070.0	316894.0
	22.0	23.0	24.0	25.0	26.0	27.0	28.0	29.0	30.0	31.0	32.0	33.0	34.0	35.0	36.0	37.0
Gmi-ABas_035-GmA02035-L1-fp1-clmp-fp2-fqscrn-repr.R2	2.0	25.0	274.0	1788.0	6521.0	16286.0	30955.0	51006.0	72992.0	99614.0	127306.0	160305.0	204791.0	397246.0	1503063.0	126311.0
	22.0	23.0	24.0	25.0	26.0	27.0	28.0	29.0	30.0	31.0	32.0	33.0	34.0	35.0	36.0	37.0
Gmi-ABas_044-GmA02044-L1-fp1-clmp-fp2-fqscrn-repr.R1	1.0	26.0	340.0	3237.0	15667.0	51640.0	121105.0	225425.0	332998.0	431832.0	493859.0	529957.0	540690.0	744715.0	4648695.0	877859.0
	22.0	23.0	24.0	25.0	26.0	27.0	28.0	29.0	30.0	31.0	32.0	33.0	34.0	35.0	36.0	37.0
Gmi-ABas_044-GmA02044-L1-fp1-clmp-fp2-fqscrn-repr.R2	3.0	109.0	1202.0	8015.0	27340.0	64032.0	115087.0	180904.0	250510.0	331375.0	421915.0	530808.0	681213.0	1302163.0	4622964.0	480406.0
	22.0	23.0	24.0	25.0	26.0	27.0	28.0	29.0	30.0	31.0	32.0	33.0	34.0	35.0	36.0	37.0
Gmi-ABas_045-GmA02045-L1-fp1-clmp-fp2-fqscrn-repr.R1	5.0	132.0	1973.0	19125.0	99180.0	341454.0	847765.0	1678944.0	2703007.0	3889892.0	5009228.0	6044340.0	7345104.0	13210095.0	35818383.0	2083695.0
	22.0	23.0	24.0	25.0	26.0	27.0	28.0	29.0	30.0	31.0	32.0	33.0	34.0	35.0	36.0	37.0
Gmi-ABas_045-GmA02045-L1-fp1-clmp-fp2-fqscrn-repr.R2	20.0	727.0	8163.0	52434.0	183210.0	446240.0	854734.0	1479446.0	2361069.0	3697874.0	5551628.0	8311455.0	12651332.0	21220115.0	21340284.0	933591.0
	22.0	23.0	24.0	25.0	26.0	27.0	28.0	29.0	30.0	31.0	32.0	33.0	34.0	35.0	36.0	37.0
Gmi-ABas_047-GmA02047-L1-fp1-clmp-fp2-fqscrn-repr.R1	2.0	4.0	33.0	353.0	1886.0	5921.0	13997.0	25935.0	38751.0	50676.0	59664.0	67421.0	75182.0	111873.0	761253.0	161457.0
	22.0	23.0	24.0	25.0	26.0	27.0	28.0	29.0	30.0	31.0	32.0	33.0	34.0	35.0	36.0	37.0
Gmi-ABas_047-GmA02047-L1-fp1-clmp-fp2-fqscrn-repr.R2	1.0	19.0	182.0	1079.0	3566.0	8180.0	14637.0	22467.0	31112.0	41286.0	52464.0	67899.0	94987.0	200858.0	765831.0	69840.0
	22.0	23.0	24.0	25.0	26.0	27.0	28.0	29.0	30.0	31.0	32.0	33.0	34.0	35.0	36.0	37.0
Gmi-ABas_049-GmA02049-L1-fp1-clmp-fp2-fqscrn-repr.R1	5.0	259.0	3714.0	35960.0	180988.0	605011.0	1459011.0	2853965.0	4577172.0	6627366.0	8697432.0	10841450.0	13822124.0	26834348.0	84161754.0	6355969.0
	21.0	22.0	23.0	24.0	25.0	26.0	27.0	28.0	29.0	30.0	31.0	32.0	33.0	34.0	35.0	36.0	37.0
Gmi-ABas_049-GmA02049-L1-fp1-clmp-fp2-fqscrn-repr.R2	1.0	44.0	1491.0	16266.0	102610.0	347580.0	822661.0	1553997.0	2664019.0	4224993.0	6585416.0	9937895.0	15380570.0	25260126.0	47015626.0	50601006.0	2542227.0
	22.0	23.0	24.0	25.0	26.0	27.0	28.0	29.0	30.0	31.0	32.0	33.0	34.0	35.0	36.0	37.0
Gmi-ABas_054-GmA02054-L1-fp1-clmp-fp2-fqscrn-repr.R1	1.0	18.0	302.0	2549.0	12268.0	40408.0	96620.0	184262.0	279928.0	366246.0	421292.0	452259.0	455744.0	586944.0	3913288.0	843726.0
	22.0	23.0	24.0	25.0	26.0	27.0	28.0	29.0	30.0	31.0	32.0	33.0	34.0	35.0	36.0	37.0
Gmi-ABas_054-GmA02054-L1-fp1-clmp-fp2-fqscrn-repr.R2	3.0	78.0	767.0	5095.0	18193.0	45657.0	86924.0	144289.0	207767.0	281953.0	363947.0	460424.0	581170.0	1092243.0	4000552.0	366793.0
	23.0	24.0	25.0	26.0	27.0	28.0	29.0	30.0	31.0	32.0	33.0	34.0	35.0	36.0	37.0
Gmi-ABas_055-GmA02055-L1-fp1-clmp-fp2-fqscrn-repr.R1	4.0	28.0	307.0	1461.0	4882.0	11364.0	21244.0	31791.0	41550.0	48560.0	54406.0	58676.0	86758.0	577157.0	121316.0
	22.0	23.0	24.0	25.0	26.0	27.0	28.0	29.0	30.0	31.0	32.0	33.0	34.0	35.0	36.0	37.0
Gmi-ABas_055-GmA02055-L1-fp1-clmp-fp2-fqscrn-repr.R2	1.0	12.0	133.0	765.0	2802.0	6341.0	11327.0	17878.0	24697.0	33111.0	42549.0	55048.0	74805.0	157442.0	578116.0	54477.0
	24.0	25.0	26.0	27.0	28.0	29.0	30.0	31.0	32.0	33.0	34.0	35.0	36.0	37.0
Gmi-ABas_058-GmA02058-L1-fp1-clmp-fp2-fqscrn-repr.R1	21.0	161.0	777.0	2725.0	6481.0	12090.0	17943.0	23981.0	28608.0	33360.0	39175.0	59697.0	429221.0	92217.0
	23.0	24.0	25.0	26.0	27.0	28.0	29.0	30.0	31.0	32.0	33.0	34.0	35.0	36.0	37.0
Gmi-ABas_058-GmA02058-L1-fp1-clmp-fp2-fqscrn-repr.R2	10.0	89.0	461.0	1556.0	3811.0	6836.0	10749.0	15064.0	20458.0	26659.0	35287.0	50511.0	114723.0	426485.0	33758.0
	24.0	25.0	26.0	27.0	28.0	29.0	30.0	31.0	32.0	33.0	34.0	35.0	36.0	37.0
Gmi-ABas_059-GmA02059-L1-fp1-clmp-fp2-fqscrn-repr.R1	28.0	269.0	1539.0	5050.0	11927.0	22641.0	34185.0	44864.0	52706.0	59182.0	65330.0	94175.0	670433.0	134186.0
	22.0	23.0	24.0	25.0	26.0	27.0	28.0	29.0	30.0	31.0	32.0	33.0	34.0	35.0	36.0	37.0
Gmi-ABas_059-GmA02059-L1-fp1-clmp-fp2-fqscrn-repr.R2	1.0	5.0	90.0	778.0	2723.0	6380.0	11703.0	19006.0	26947.0	36656.0	47150.0	61215.0	83576.0	175661.0	671120.0	53504.0
	23.0	24.0	25.0	26.0	27.0	28.0	29.0	30.0	31.0	32.0	33.0	34.0	35.0	36.0	37.0
Gmi-ABas_060-GmA02060-L1-fp1-clmp-fp2-fqscrn-repr.R1	6.0	59.0	623.0	3144.0	10601.0	25218.0	48230.0	73820.0	97524.0	113804.0	125790.0	130552.0	172434.0	1247604.0	248494.0
	23.0	24.0	25.0	26.0	27.0	28.0	29.0	30.0	31.0	32.0	33.0	34.0	35.0	36.0	37.0
Gmi-ABas_060-GmA02060-L1-fp1-clmp-fp2-fqscrn-repr.R2	21.0	205.0	1444.0	5031.0	12600.0	23916.0	39572.0	57054.0	77189.0	100239.0	127894.0	166152.0	331898.0	1260054.0	94634.0
	23.0	24.0	25.0	26.0	27.0	28.0	29.0	30.0	31.0	32.0	33.0	34.0	35.0	36.0	37.0
Gmi-AHam_001-GmA01001-L1-fp1-clmp-fp2-fqscrn-repr.R1	4.0	28.0	275.0	1301.0	4156.0	9912.0	19592.0	29649.0	40491.0	49141.0	58075.0	68889.0	106933.0	717783.0	178119.0
	22.0	23.0	24.0	25.0	26.0	27.0	28.0	29.0	30.0	31.0	32.0	33.0	34.0	35.0	36.0	37.0
Gmi-AHam_001-GmA01001-L1-fp1-clmp-fp2-fqscrn-repr.R2	1.0	17.0	116.0	725.0	2628.0	6069.0	10894.0	18084.0	26405.0	36798.0	48893.0	66899.0	100750.0	222710.0	682111.0	61248.0
	23.0	24.0	25.0	26.0	27.0	28.0	29.0	30.0	31.0	32.0	33.0	34.0	35.0	36.0	37.0
Gmi-AHam_002-GmA01002-L1-fp1-clmp-fp2-fqscrn-repr.R1	3.0	29.0	219.0	1177.0	3915.0	9324.0	18263.0	27757.0	37575.0	45680.0	53665.0	61463.0	91078.0	672094.0	172969.0
	23.0	24.0	25.0	26.0	27.0	28.0	29.0	30.0	31.0	32.0	33.0	34.0	35.0	36.0	37.0
Gmi-AHam_002-GmA01002-L1-fp1-clmp-fp2-fqscrn-repr.R2	6.0	82.0	566.0	1993.0	4950.0	9266.0	15625.0	22828.0	31815.0	42038.0	55846.0	78798.0	180833.0	684184.0	66381.0
	23.0	24.0	25.0	26.0	27.0	28.0	29.0	30.0	31.0	32.0	33.0	34.0	35.0	36.0	37.0
Gmi-AHam_003-GmA01003-L1-fp1-clmp-fp2-fqscrn-repr.R1	3.0	39.0	315.0	1573.0	5289.0	12988.0	24775.0	37039.0	49439.0	59034.0	68520.0	78461.0	116000.0	816577.0	204652.0
	23.0	24.0	25.0	26.0	27.0	28.0	29.0	30.0	31.0	32.0	33.0	34.0	35.0	36.0	37.0
Gmi-AHam_003-GmA01003-L1-fp1-clmp-fp2-fqscrn-repr.R2	17.0	135.0	790.0	2700.0	6691.0	12597.0	20505.0	29569.0	40767.0	53123.0	69559.0	97735.0	217625.0	835455.0	87436.0
	23.0	24.0	25.0	26.0	27.0	28.0	29.0	30.0	31.0	32.0	33.0	34.0	35.0	36.0	37.0
Gmi-AHam_004-GmA01004-L1-fp1-clmp-fp2-fqscrn-repr.R1	8.0	109.0	940.0	4933.0	15926.0	38476.0	74313.0	115955.0	158026.0	193622.0	227479.0	266418.0	424570.0	2933487.0	666697.0
	22.0	23.0	24.0	25.0	26.0	27.0	28.0	29.0	30.0	31.0	32.0	33.0	34.0	35.0	36.0	37.0
Gmi-AHam_004-GmA01004-L1-fp1-clmp-fp2-fqscrn-repr.R2	1.0	29.0	338.0	1998.0	7535.0	19117.0	36087.0	60352.0	89454.0	125134.0	166927.0	226038.0	330431.0	782262.0	2950498.0	324758.0
	23.0	24.0	25.0	26.0	27.0	28.0	29.0	30.0	31.0	32.0	33.0	34.0	35.0	36.0	37.0
Gmi-AHam_010-GmA01010-L1-fp1-clmp-fp2-fqscrn-repr.R1	5.0	63.0	594.0	2962.0	10394.0	25731.0	49340.0	75540.0	100599.0	119068.0	137979.0	158341.0	248507.0	1622653.0	305090.0
	22.0	23.0	24.0	25.0	26.0	27.0	28.0	29.0	30.0	31.0	32.0	33.0	34.0	35.0	36.0	37.0
Gmi-AHam_010-GmA01010-L1-fp1-clmp-fp2-fqscrn-repr.R2	1.0	20.0	183.0	1136.0	4494.0	11464.0	22461.0	37627.0	55794.0	77342.0	102357.0	133781.0	188575.0	414434.0	1630936.0	176261.0
	23.0	24.0	25.0	26.0	27.0	28.0	29.0	30.0	31.0	32.0	33.0	34.0	35.0	36.0	37.0
Gmi-AHam_011-GmA01011-L1-fp1-clmp-fp2-fqscrn-repr.R1	10.0	112.0	965.0	5002.0	17282.0	40948.0	78470.0	119296.0	160133.0	193784.0	229119.0	266987.0	440361.0	2805979.0	552715.0
	22.0	23.0	24.0	25.0	26.0	27.0	28.0	29.0	30.0	31.0	32.0	33.0	34.0	35.0	36.0	37.0
Gmi-AHam_011-GmA01011-L1-fp1-clmp-fp2-fqscrn-repr.R2	1.0	29.0	391.0	2362.0	8024.0	20045.0	37461.0	61302.0	88908.0	122974.0	161963.0	217223.0	313344.0	710572.0	2800984.0	365580.0
	23.0	24.0	25.0	26.0	27.0	28.0	29.0	30.0	31.0	32.0	33.0	34.0	35.0	36.0	37.0
Gmi-AHam_013-GmA01013-L1-fp1-clmp-fp2-fqscrn-repr.R1	6.0	80.0	637.0	3174.0	10323.0	24596.0	48109.0	72802.0	97365.0	116388.0	136725.0	157455.0	237719.0	1567249.0	411367.0
	22.0	23.0	24.0	25.0	26.0	27.0	28.0	29.0	30.0	31.0	32.0	33.0	34.0	35.0	36.0	37.0
Gmi-AHam_013-GmA01013-L1-fp1-clmp-fp2-fqscrn-repr.R2	1.0	27.0	248.0	1551.0	5249.0	12797.0	23922.0	39462.0	57066.0	78719.0	103760.0	140057.0	202254.0	434873.0	1594493.0	189516.0
	23.0	24.0	25.0	26.0	27.0	28.0	29.0	30.0	31.0	32.0	33.0	34.0	35.0	36.0	37.0
Gmi-AHam_014-GmA01014-L1-fp1-clmp-fp2-fqscrn-repr.R1	9.0	112.0	914.0	4682.0	15859.0	37771.0	73350.0	113149.0	153992.0	187615.0	223300.0	262686.0	418591.0	2957796.0	837296.0
	23.0	24.0	25.0	26.0	27.0	28.0	29.0	30.0	31.0	32.0	33.0	34.0	35.0	36.0	37.0
Gmi-AHam_014-GmA01014-L1-fp1-clmp-fp2-fqscrn-repr.R2	29.0	307.0	2118.0	7382.0	18109.0	33800.0	56330.0	82495.0	116599.0	157515.0	218109.0	324649.0	786049.0	3068612.0	415019.0
	23.0	24.0	25.0	26.0	27.0	28.0	29.0	30.0	31.0	32.0	33.0	34.0	35.0	36.0	37.0
Gmi-AHam_015-GmA01015-L1-fp1-clmp-fp2-fqscrn-repr.R1	3.0	56.0	414.0	2156.0	7527.0	18331.0	35722.0	57056.0	80261.0	101501.0	121136.0	144198.0	249078.0	1093963.0	174018.0
	22.0	23.0	24.0	25.0	26.0	27.0	28.0	29.0	30.0	31.0	32.0	33.0	34.0	35.0	36.0	37.0
Gmi-AHam_015-GmA01015-L1-fp1-clmp-fp2-fqscrn-repr.R2	1.0	17.0	167.0	1074.0	3634.0	9111.0	17698.0	30763.0	47743.0	71511.0	102822.0	150165.0	233766.0	456951.0	894956.0	65041.0
	23.0	24.0	25.0	26.0	27.0	28.0	29.0	30.0	31.0	32.0	33.0	34.0	35.0	36.0	37.0
Gmi-AHam_016-GmA01016-L1-fp1-clmp-fp2-fqscrn-repr.R1	9.0	206.0	2157.0	10864.0	36635.0	89346.0	172357.0	267935.0	365129.0	446029.0	525447.0	616200.0	950823.0	5276006.0	994883.0
	22.0	23.0	24.0	25.0	26.0	27.0	28.0	29.0	30.0	31.0	32.0	33.0	34.0	35.0	36.0	37.0
Gmi-AHam_016-GmA01016-L1-fp1-clmp-fp2-fqscrn-repr.R2	2.0	66.0	796.0	5419.0	19211.0	46401.0	89092.0	148669.0	222476.0	318455.0	428839.0	572488.0	809774.0	1706741.0	4933404.0	452193.0
	23.0	24.0	25.0	26.0	27.0	28.0	29.0	30.0	31.0	32.0	33.0	34.0	35.0	36.0	37.0
Gmi-AHam_017-GmA01017-L1-fp1-clmp-fp2-fqscrn-repr.R1	13.0	104.0	940.0	4627.0	15581.0	37714.0	71549.0	109558.0	146363.0	177366.0	208843.0	242727.0	374497.0	2642507.0	604316.0
	22.0	23.0	24.0	25.0	26.0	27.0	28.0	29.0	30.0	31.0	32.0	33.0	34.0	35.0	36.0	37.0
Gmi-AHam_017-GmA01017-L1-fp1-clmp-fp2-fqscrn-repr.R2	3.0	42.0	397.0	2379.0	8309.0	20397.0	37891.0	62180.0	90088.0	124066.0	161022.0	213718.0	307876.0	718113.0	2630107.0	260117.0
	23.0	24.0	25.0	26.0	27.0	28.0	29.0	30.0	31.0	32.0	33.0	34.0	35.0	36.0	37.0
Gmi-AHam_018-GmA01018-L1-fp1-clmp-fp2-fqscrn-repr.R1	5.0	71.0	612.0	3062.0	9726.0	23339.0	44734.0	68258.0	92443.0	113801.0	134600.0	159529.0	267335.0	1731203.0	324816.0
	23.0	24.0	25.0	26.0	27.0	28.0	29.0	30.0	31.0	32.0	33.0	34.0	35.0	36.0	37.0
Gmi-AHam_018-GmA01018-L1-fp1-clmp-fp2-fqscrn-repr.R2	20.0	255.0	1480.0	5089.0	12400.0	22659.0	36257.0	51547.0	71327.0	95796.0	131459.0	192903.0	441858.0	1702723.0	207761.0
	22.0	23.0	24.0	25.0	26.0	27.0	28.0	29.0	30.0	31.0	32.0	33.0	34.0	35.0	36.0	37.0
Gmi-AHam_026-GmA01026-L1-fp1-clmp-fp2-fqscrn-repr.R1	1.0	4.0	65.0	669.0	3250.0	10942.0	26686.0	51594.0	78529.0	106862.0	130245.0	154519.0	179535.0	275335.0	2004511.0	490696.0
	22.0	23.0	24.0	25.0	26.0	27.0	28.0	29.0	30.0	31.0	32.0	33.0	34.0	35.0	36.0	37.0
Gmi-AHam_026-GmA01026-L1-fp1-clmp-fp2-fqscrn-repr.R2	1.0	34.0	285.0	1660.0	5887.0	13880.0	27059.0	43791.0	64383.0	89524.0	118590.0	157172.0	227762.0	537053.0	2023014.0	203348.0
	23.0	24.0	25.0	26.0	27.0	28.0	29.0	30.0	31.0	32.0	33.0	34.0	35.0	36.0	37.0
Gmi-AHam_027-GmA01027-L1-fp1-clmp-fp2-fqscrn-repr.R1	7.0	91.0	664.0	3252.0	10684.0	25477.0	48045.0	71847.0	95965.0	115997.0	135087.0	155235.0	237317.0	1659012.0	385428.0
	23.0	24.0	25.0	26.0	27.0	28.0	29.0	30.0	31.0	32.0	33.0	34.0	35.0	36.0	37.0
Gmi-AHam_027-GmA01027-L1-fp1-clmp-fp2-fqscrn-repr.R2	27.0	291.0	1652.0	5575.0	13782.0	25548.0	40766.0	59162.0	79925.0	103942.0	137350.0	195206.0	444176.0	1663629.0	173077.0
	23.0	24.0	25.0	26.0	27.0	28.0	29.0	30.0	31.0	32.0	33.0	34.0	35.0	36.0	37.0
Gmi-AHam_028-GmA01028-L1-fp1-clmp-fp2-fqscrn-repr.R1	7.0	84.0	723.0	3712.0	12460.0	30344.0	58385.0	89736.0	122351.0	149370.0	176258.0	206456.0	319717.0	2311902.0	562618.0
	23.0	24.0	25.0	26.0	27.0	28.0	29.0	30.0	31.0	32.0	33.0	34.0	35.0	36.0	37.0
Gmi-AHam_028-GmA01028-L1-fp1-clmp-fp2-fqscrn-repr.R2	38.0	264.0	1840.0	6248.0	15681.0	29659.0	48617.0	70675.0	98483.0	130500.0	174880.0	255847.0	610778.0	2345712.0	254901.0
	22.0	23.0	24.0	25.0	26.0	27.0	28.0	29.0	30.0	31.0	32.0	33.0	34.0	35.0	36.0	37.0
Gmi-AHam_029-GmA01029-L1-fp1-clmp-fp2-fqscrn-repr.R1	1.0	5.0	59.0	583.0	2632.0	9296.0	22512.0	43502.0	66114.0	89255.0	108065.0	127473.0	151180.0	240876.0	1583864.0	355966.0
	22.0	23.0	24.0	25.0	26.0	27.0	28.0	29.0	30.0	31.0	32.0	33.0	34.0	35.0	36.0	37.0
Gmi-AHam_029-GmA01029-L1-fp1-clmp-fp2-fqscrn-repr.R2	1.0	31.0	199.0	1337.0	4749.0	11938.0	21966.0	36484.0	53147.0	74060.0	98190.0	131431.0	192129.0	430772.0	1568802.0	176147.0
	23.0	24.0	25.0	26.0	27.0	28.0	29.0	30.0	31.0	32.0	33.0	34.0	35.0	36.0	37.0
Gmi-AHam_030-GmA01030-L1-fp1-clmp-fp2-fqscrn-repr.R1	6.0	55.0	523.0	2562.0	8733.0	21281.0	41271.0	63582.0	87059.0	107057.0	126448.0	148812.0	248798.0	1719051.0	319125.0
	23.0	24.0	25.0	26.0	27.0	28.0	29.0	30.0	31.0	32.0	33.0	34.0	35.0	36.0	37.0
Gmi-AHam_030-GmA01030-L1-fp1-clmp-fp2-fqscrn-repr.R2	25.0	206.0	1303.0	4460.0	10949.0	20498.0	33911.0	49647.0	68011.0	91005.0	122619.0	180344.0	427739.0	1699703.0	183943.0
	22.0	23.0	24.0	25.0	26.0	27.0	28.0	29.0	30.0	31.0	32.0	33.0	34.0	35.0	36.0	37.0
Gmi-AHam_031-GmA01031-L1-fp1-clmp-fp2-fqscrn-repr.R1	1.0	25.0	323.0	3476.0	17015.0	55861.0	132577.0	252102.0	385499.0	527288.0	643139.0	758335.0	896940.0	1443425.0	7665253.0	1314193.0
	22.0	23.0	24.0	25.0	26.0	27.0	28.0	29.0	30.0	31.0	32.0	33.0	34.0	35.0	36.0	37.0
Gmi-AHam_031-GmA01031-L1-fp1-clmp-fp2-fqscrn-repr.R2	2.0	116.0	1350.0	8763.0	29655.0	69445.0	126522.0	207093.0	304599.0	431224.0	581287.0	775385.0	1090511.0	2275889.0	7317354.0	876257.0
	22.0	23.0	24.0	25.0	26.0	27.0	28.0	29.0	30.0	31.0	32.0	33.0	34.0	35.0	36.0	37.0
Gmi-AHam_032-GmA01032-L1-fp1-clmp-fp2-fqscrn-repr.R1	3.0	1.0	85.0	898.0	4660.0	15228.0	36229.0	69507.0	106876.0	145547.0	179601.0	213413.0	253158.0	429204.0	2856635.0	548023.0
	22.0	23.0	24.0	25.0	26.0	27.0	28.0	29.0	30.0	31.0	32.0	33.0	34.0	35.0	36.0	37.0
Gmi-AHam_032-GmA01032-L1-fp1-clmp-fp2-fqscrn-repr.R2	1.0	35.0	345.0	2081.0	7493.0	18056.0	33840.0	54507.0	79240.0	110538.0	147922.0	201420.0	298313.0	711542.0	2840233.0	353502.0
	23.0	24.0	25.0	26.0	27.0	28.0	29.0	30.0	31.0	32.0	33.0	34.0	35.0	36.0	37.0
Gmi-AHam_033-GmA01033-L1-fp1-clmp-fp2-fqscrn-repr.R1	13.0	200.0	2005.0	10599.0	36309.0	89341.0	173776.0	269928.0	368994.0	453577.0	536791.0	638126.0	996248.0	5198956.0	874823.0
	22.0	23.0	24.0	25.0	26.0	27.0	28.0	29.0	30.0	31.0	32.0	33.0	34.0	35.0	36.0	37.0
Gmi-AHam_033-GmA01033-L1-fp1-clmp-fp2-fqscrn-repr.R2	3.0	63.0	726.0	5076.0	17651.0	43735.0	83327.0	141896.0	216810.0	316165.0	437155.0	588095.0	828491.0	1697244.0	4875813.0	397436.0
	23.0	24.0	25.0	26.0	27.0	28.0	29.0	30.0	31.0	32.0	33.0	34.0	35.0	36.0	37.0
Gmi-AHam_035-GmA01035-L1-fp1-clmp-fp2-fqscrn-repr.R1	10.0	183.0	1540.0	7460.0	24475.0	56836.0	110185.0	170762.0	232897.0	286705.0	338865.0	400660.0	631564.0	4236488.0	1169328.0
	22.0	23.0	24.0	25.0	26.0	27.0	28.0	29.0	30.0	31.0	32.0	33.0	34.0	35.0	36.0	37.0
Gmi-AHam_035-GmA01035-L1-fp1-clmp-fp2-fqscrn-repr.R2	3.0	59.0	602.0	3683.0	13004.0	31406.0	57713.0	94640.0	139709.0	195797.0	263079.0	356500.0	529231.0	1241546.0	4234343.0	506643.0
	22.0	23.0	24.0	25.0	26.0	27.0	28.0	29.0	30.0	31.0	32.0	33.0	34.0	35.0	36.0	37.0
Gmi-AHam_037-GmA01037-L1-fp1-clmp-fp2-fqscrn-repr.R1	1.0	33.0	303.0	2886.0	13765.0	45915.0	109308.0	208477.0	320379.0	428076.0	519097.0	604433.0	694168.0	1073734.0	7313152.0	1754183.0
	22.0	23.0	24.0	25.0	26.0	27.0	28.0	29.0	30.0	31.0	32.0	33.0	34.0	35.0	36.0	37.0
Gmi-AHam_037-GmA01037-L1-fp1-clmp-fp2-fqscrn-repr.R2	6.0	104.0	1015.0	6552.0	23198.0	56015.0	104316.0	169925.0	245753.0	338322.0	446001.0	593937.0	849108.0	1914730.0	7426297.0	912631.0
	23.0	24.0	25.0	26.0	27.0	28.0	29.0	30.0	31.0	32.0	33.0	34.0	35.0	36.0	37.0
Gmi-AHam_039-GmA01039-L1-fp1-clmp-fp2-fqscrn-repr.R1	10.0	172.0	1420.0	7095.0	23555.0	57064.0	110431.0	171899.0	232473.0	283629.0	333746.0	386198.0	601431.0	4218436.0	928688.0
	22.0	23.0	24.0	25.0	26.0	27.0	28.0	29.0	30.0	31.0	32.0	33.0	34.0	35.0	36.0	37.0
Gmi-AHam_039-GmA01039-L1-fp1-clmp-fp2-fqscrn-repr.R2	3.0	56.0	559.0	3540.0	12120.0	30062.0	57521.0	94611.0	138489.0	192211.0	254949.0	339475.0	487443.0	1147529.0	4192629.0	405050.0
	23.0	24.0	25.0	26.0	27.0	28.0	29.0	30.0	31.0	32.0	33.0	34.0	35.0	36.0	37.0
Gmi-AHam_041-GmA01041-L1-fp1-clmp-fp2-fqscrn-repr.R1	3.0	163.0	1695.0	8891.0	29842.0	72152.0	138325.0	215474.0	294923.0	364443.0	434570.0	520879.0	817222.0	4155931.0	771442.0
	22.0	23.0	24.0	25.0	26.0	27.0	28.0	29.0	30.0	31.0	32.0	33.0	34.0	35.0	36.0	37.0
Gmi-AHam_041-GmA01041-L1-fp1-clmp-fp2-fqscrn-repr.R2	3.0	62.0	663.0	4532.0	16232.0	39158.0	73518.0	124936.0	188885.0	276287.0	380951.0	514284.0	722058.0	1454848.0	3744284.0	285254.0
	23.0	24.0	25.0	26.0	27.0	28.0	29.0	30.0	31.0	32.0	33.0	34.0	35.0	36.0	37.0
Gmi-AHam_042-GmA01042-L1-fp1-clmp-fp2-fqscrn-repr.R1	13.0	89.0	782.0	3615.0	11710.0	27619.0	53287.0	82539.0	112531.0	139142.0	166959.0	200738.0	343041.0	2268852.0	459473.0
	22.0	23.0	24.0	25.0	26.0	27.0	28.0	29.0	30.0	31.0	32.0	33.0	34.0	35.0	36.0	37.0
Gmi-AHam_042-GmA01042-L1-fp1-clmp-fp2-fqscrn-repr.R2	1.0	29.0	300.0	1853.0	6433.0	14753.0	26963.0	42804.0	61242.0	85411.0	113318.0	156542.0	234685.0	566326.0	2256501.0	303229.0
	23.0	24.0	25.0	26.0	27.0	28.0	29.0	30.0	31.0	32.0	33.0	34.0	35.0	36.0	37.0
Gmi-AHam_055-GmA01055-L1-fp1-clmp-fp2-fqscrn-repr.R1	15.0	199.0	1787.0	9528.0	32958.0	80892.0	160534.0	258208.0	366323.0	469254.0	571953.0	712108.0	1311740.0	4428417.0	495522.0
	22.0	23.0	24.0	25.0	26.0	27.0	28.0	29.0	30.0	31.0	32.0	33.0	34.0	35.0	36.0	37.0
Gmi-AHam_055-GmA01055-L1-fp1-clmp-fp2-fqscrn-repr.R2	1.0	53.0	651.0	4255.0	15569.0	39075.0	76124.0	133738.0	214833.0	336720.0	510672.0	772389.0	1199584.0	2128601.0	3221431.0	245742.0
	23.0	24.0	25.0	26.0	27.0	28.0	29.0	30.0	31.0	32.0	33.0	34.0	35.0	36.0	37.0
Gmi-AHam_060-GmA01060-L1-fp1-clmp-fp2-fqscrn-repr.R1	18.0	278.0	3158.0	15915.0	54968.0	132241.0	254343.0	395502.0	536473.0	649497.0	751635.0	870303.0	1333291.0	6975012.0	1381247.0
	22.0	23.0	24.0	25.0	26.0	27.0	28.0	29.0	30.0	31.0	32.0	33.0	34.0	35.0	36.0	37.0
Gmi-AHam_060-GmA01060-L1-fp1-clmp-fp2-fqscrn-repr.R2	3.0	110.0	1142.0	7755.0	27617.0	66597.0	123099.0	206089.0	311047.0	450215.0	613287.0	817244.0	1133135.0	2297273.0	6706947.0	592321.0
	22.0	23.0	24.0	25.0	26.0	27.0	28.0	29.0	30.0	31.0	32.0	33.0	34.0	35.0	36.0	37.0
Gmi-AHam_065-GmA01065-L1-fp1-clmp-fp2-fqscrn-repr.R1	2.0	29.0	549.0	5042.0	27049.0	92487.0	227031.0	448323.0	712659.0	1004120.0	1275095.0	1529257.0	1858466.0	3275784.0	11699401.0	1541470.0
	22.0	23.0	24.0	25.0	26.0	27.0	28.0	29.0	30.0	31.0	32.0	33.0	34.0	35.0	36.0	37.0
Gmi-AHam_065-GmA01065-L1-fp1-clmp-fp2-fqscrn-repr.R2	10.0	168.0	1841.0	11970.0	42412.0	106458.0	205809.0	356672.0	563042.0	872521.0	1297322.0	1932002.0	2959693.0	5340511.0	9181633.0	824700.0
	23.0	24.0	25.0	26.0	27.0	28.0	29.0	30.0	31.0	32.0	33.0	34.0	35.0	36.0	37.0
Gmi-AHam_074-GmA01074-L1-fp1-clmp-fp2-fqscrn-repr.R1	9.0	98.0	1037.0	5603.0	19653.0	49833.0	101819.0	170444.0	254218.0	339049.0	437468.0	588999.0	1148407.0	3082392.0	213331.0
	22.0	23.0	24.0	25.0	26.0	27.0	28.0	29.0	30.0	31.0	32.0	33.0	34.0	35.0	36.0	37.0
Gmi-AHam_074-GmA01074-L1-fp1-clmp-fp2-fqscrn-repr.R2	1.0	33.0	429.0	2831.0	10370.0	27503.0	56560.0	104828.0	177912.0	294536.0	471441.0	739126.0	1129377.0	1741943.0	1592302.0	63168.0
	23.0	24.0	25.0	26.0	27.0	28.0	29.0	30.0	31.0	32.0	33.0	34.0	35.0	36.0	37.0
Gmi-AHam_078-GmA01078-L1-fp1-clmp-fp2-fqscrn-repr.R1	37.0	487.0	4886.0	25078.0	85746.0	209087.0	404002.0	633921.0	877817.0	1087990.0	1303221.0	1567194.0	2438807.0	12408630.0	2178729.0
	21.0	22.0	23.0	24.0	25.0	26.0	27.0	28.0	29.0	30.0	31.0	32.0	33.0	34.0	35.0	36.0	37.0
Gmi-AHam_078-GmA01078-L1-fp1-clmp-fp2-fqscrn-repr.R2	1.0	3.0	166.0	1867.0	12494.0	44339.0	107746.0	204792.0	349836.0	541404.0	803049.0	1111710.0	1501232.0	2091479.0	4118505.0	11419398.0	917611.0
	22.0	23.0	24.0	25.0	26.0	27.0	28.0	29.0	30.0	31.0	32.0	33.0	34.0	35.0	36.0	37.0
Gmi-AHam_079-GmA01079-L1-fp1-clmp-fp2-fqscrn-repr.R1	2.0	22.0	362.0	3672.0	18941.0	63794.0	153581.0	294615.0	458209.0	628820.0	778895.0	925548.0	1106616.0	1710802.0	8800901.0	1516933.0
	22.0	23.0	24.0	25.0	26.0	27.0	28.0	29.0	30.0	31.0	32.0	33.0	34.0	35.0	36.0	37.0
Gmi-AHam_079-GmA01079-L1-fp1-clmp-fp2-fqscrn-repr.R2	5.0	130.0	1520.0	9932.0	34136.0	81834.0	152811.0	257272.0	390877.0	571202.0	784337.0	1052733.0	1468566.0	2922057.0	8105878.0	628423.0
	23.0	24.0	25.0	26.0	27.0	28.0	29.0	30.0	31.0	32.0	33.0	34.0	35.0	36.0	37.0
Gmi-AHam_083-GmA01083-L1-fp1-clmp-fp2-fqscrn-repr.R1	27.0	309.0	3155.0	16367.0	56003.0	135473.0	258655.0	400801.0	548268.0	673476.0	796767.0	946110.0	1450675.0	7135205.0	1244768.0
	21.0	22.0	23.0	24.0	25.0	26.0	27.0	28.0	29.0	30.0	31.0	32.0	33.0	34.0	35.0	36.0	37.0
Gmi-AHam_083-GmA01083-L1-fp1-clmp-fp2-fqscrn-repr.R2	1.0	5.0	95.0	1304.0	8482.0	28805.0	69392.0	130027.0	219081.0	333169.0	483768.0	662079.0	884577.0	1226031.0	2435779.0	6642868.0	540596.0
	23.0	24.0	25.0	26.0	27.0	28.0	29.0	30.0	31.0	32.0	33.0	34.0	35.0	36.0	37.0
Gmi-AHam_089-GmA01089-L1-fp1-clmp-fp2-fqscrn-repr.R1	11.0	155.0	1648.0	8382.0	29482.0	72933.0	146013.0	236390.0	337943.0	435609.0	532067.0	663705.0	1211187.0	4116230.0	472116.0
	22.0	23.0	24.0	25.0	26.0	27.0	28.0	29.0	30.0	31.0	32.0	33.0	34.0	35.0	36.0	37.0
Gmi-AHam_089-GmA01089-L1-fp1-clmp-fp2-fqscrn-repr.R2	1.0	65.0	596.0	3769.0	13590.0	34743.0	69063.0	121776.0	199123.0	315670.0	481883.0	732232.0	1137787.0	1995515.0	2941135.0	216923.0
	23.0	24.0	25.0	26.0	27.0	28.0	29.0	30.0	31.0	32.0	33.0	34.0	35.0	36.0	37.0
Gmi-CBas_001-GmC02001-L1-fp1-clmp-fp2-fqscrn-repr.R1	1.0	11.0	88.0	641.0	2276.0	5403.0	10454.0	14900.0	19751.0	22304.0	23844.0	24352.0	30361.0	204365.0	48850.0
	23.0	24.0	25.0	26.0	27.0	28.0	29.0	30.0	31.0	32.0	33.0	34.0	35.0	36.0	37.0
Gmi-CBas_001-GmC02001-L1-fp1-clmp-fp2-fqscrn-repr.R2	10.0	63.0	426.0	1374.0	3454.0	6478.0	10109.0	14212.0	18403.0	22251.0	25772.0	30839.0	57748.0	205640.0	10822.0
	24.0	25.0	26.0	27.0	28.0	29.0	30.0	31.0	32.0	33.0	34.0	35.0	36.0	37.0
Gmi-CBas_002-GmC02002-L1-fp1-clmp-fp2-fqscrn-repr.R1	7.0	105.0	531.0	1786.0	4329.0	8074.0	12195.0	16290.0	19203.0	20700.0	22217.0	28066.0	194787.0	46292.0
	23.0	24.0	25.0	26.0	27.0	28.0	29.0	30.0	31.0	32.0	33.0	34.0	35.0	36.0	37.0
Gmi-CBas_002-GmC02002-L1-fp1-clmp-fp2-fqscrn-repr.R2	7.0	66.0	313.0	1131.0	2976.0	5399.0	8571.0	12447.0	16095.0	19614.0	23104.0	28374.0	57819.0	188821.0	9845.0
	24.0	25.0	26.0	27.0	28.0	29.0	30.0	31.0	32.0	33.0	34.0	35.0	36.0	37.0
Gmi-CBas_006-GmC02006-L1-fp1-clmp-fp2-fqscrn-repr.R1	1.0	3.0	21.0	83.0	195.0	366.0	568.0	780.0	904.0	1068.0	1099.0	1406.0	7026.0	1720.0
	24.0	25.0	26.0	27.0	28.0	29.0	30.0	31.0	32.0	33.0	34.0	35.0	36.0	37.0
Gmi-CBas_006-GmC02006-L1-fp1-clmp-fp2-fqscrn-repr.R2	3.0	19.0	54.0	143.0	275.0	466.0	595.0	769.0	996.0	1242.0	1435.0	2625.0	6364.0	254.0
	26.0	27.0	28.0	29.0	30.0	31.0	32.0	33.0	34.0	35.0	36.0	37.0
Gmi-CBas_007-GmC02007-L1-fp1-clmp-fp2-fqscrn-repr.R1	1.0	8.0	16.0	30.0	44.0	51.0	62.0	67.0	79.0	115.0	936.0	124.0
	25.0	26.0	27.0	28.0	29.0	30.0	31.0	32.0	33.0	34.0	35.0	36.0	37.0
Gmi-CBas_007-GmC02007-L1-fp1-clmp-fp2-fqscrn-repr.R2	1.0	6.0	13.0	17.0	30.0	38.0	44.0	54.0	79.0	129.0	247.0	829.0	46.0
	25.0	26.0	27.0	28.0	29.0	30.0	31.0	32.0	33.0	34.0	35.0	36.0	37.0
Gmi-CBas_008-GmC02008-L1-fp1-clmp-fp2-fqscrn-repr.R1	3.0	33.0	98.0	230.0	436.0	687.0	868.0	1042.0	1143.0	1342.0	1823.0	10358.0	1969.0
	23.0	24.0	25.0	26.0	27.0	28.0	29.0	30.0	31.0	32.0	33.0	34.0	35.0	36.0	37.0
Gmi-CBas_008-GmC02008-L1-fp1-clmp-fp2-fqscrn-repr.R2	2.0	4.0	24.0	88.0	215.0	325.0	546.0	743.0	986.0	1092.0	1469.0	1750.0	3366.0	9042.0	380.0
	22.0	23.0	24.0	25.0	26.0	27.0	28.0	29.0	30.0	31.0	32.0	33.0	34.0	35.0	36.0	37.0
Gmi-CBas_011-GmC02011-L1-fp1-clmp-fp2-fqscrn-repr.R1	1.0	14.0	160.0	1419.0	7801.0	28110.0	70882.0	136955.0	210421.0	280263.0	333196.0	370826.0	396761.0	507365.0	3319056.0	862171.0
	22.0	23.0	24.0	25.0	26.0	27.0	28.0	29.0	30.0	31.0	32.0	33.0	34.0	35.0	36.0	37.0
Gmi-CBas_011-GmC02011-L1-fp1-clmp-fp2-fqscrn-repr.R2	5.0	100.0	905.0	5312.0	19780.0	48926.0	91671.0	150858.0	216475.0	288911.0	355970.0	426429.0	532565.0	1047305.0	3189665.0	150524.0
	24.0	25.0	26.0	27.0	28.0	29.0	30.0	31.0	32.0	33.0	34.0	35.0	36.0	37.0
Gmi-CBas_012-GmC02012-L1-fp1-clmp-fp2-fqscrn-repr.R1	1.0	8.0	28.0	120.0	325.0	539.0	854.0	1077.0	1285.0	1361.0	1576.0	2026.0	11888.0	2480.0
	23.0	24.0	25.0	26.0	27.0	28.0	29.0	30.0	31.0	32.0	33.0	34.0	35.0	36.0	37.0
Gmi-CBas_012-GmC02012-L1-fp1-clmp-fp2-fqscrn-repr.R2	1.0	5.0	19.0	79.0	227.0	367.0	680.0	883.0	1091.0	1354.0	1576.0	2038.0	3625.0	11053.0	570.0
	23.0	24.0	25.0	26.0	27.0	28.0	29.0	30.0	31.0	32.0	33.0	34.0	35.0	36.0	37.0
Gmi-CBas_013-GmC02013-L1-fp1-clmp-fp2-fqscrn-repr.R1	2.0	4.0	32.0	161.0	530.0	1314.0	2469.0	3824.0	5030.0	6009.0	6678.0	7299.0	9654.0	58813.0	13016.0
	23.0	24.0	25.0	26.0	27.0	28.0	29.0	30.0	31.0	32.0	33.0	34.0	35.0	36.0	37.0
Gmi-CBas_013-GmC02013-L1-fp1-clmp-fp2-fqscrn-repr.R2	2.0	21.0	97.0	388.0	921.0	1682.0	2641.0	3801.0	5063.0	6304.0	7591.0	9275.0	17594.0	56519.0	2936.0
	24.0	25.0	26.0	27.0	28.0	29.0	30.0	31.0	32.0	33.0	34.0	35.0	36.0	37.0
Gmi-CBas_014-GmC02014-L1-fp1-clmp-fp2-fqscrn-repr.R1	8.0	27.0	230.0	901.0	2187.0	4352.0	6549.0	8566.0	10190.0	10997.0	11521.0	15041.0	105127.0	25147.0
	23.0	24.0	25.0	26.0	27.0	28.0	29.0	30.0	31.0	32.0	33.0	34.0	35.0	36.0	37.0
Gmi-CBas_014-GmC02014-L1-fp1-clmp-fp2-fqscrn-repr.R2	1.0	33.0	163.0	613.0	1391.0	2661.0	4236.0	6079.0	8230.0	9987.0	12114.0	14794.0	29736.0	104648.0	6157.0
	24.0	25.0	26.0	27.0	28.0	29.0	30.0	31.0	32.0	33.0	34.0	35.0	36.0	37.0
Gmi-CBas_015-GmC02015-L1-fp1-clmp-fp2-fqscrn-repr.R1	1.0	14.0	90.0	266.0	674.0	1322.0	1903.0	2499.0	3054.0	3242.0	3510.0	4308.0	29132.0	7451.0
	23.0	24.0	25.0	26.0	27.0	28.0	29.0	30.0	31.0	32.0	33.0	34.0	35.0	36.0	37.0
Gmi-CBas_015-GmC02015-L1-fp1-clmp-fp2-fqscrn-repr.R2	1.0	10.0	61.0	164.0	504.0	911.0	1387.0	1942.0	2533.0	3071.0	3531.0	4335.0	8507.0	29001.0	1508.0
	25.0	26.0	27.0	28.0	29.0	30.0	31.0	32.0	33.0	34.0	35.0	36.0	37.0
Gmi-CBas_016-GmC02016-L1-fp1-clmp-fp2-fqscrn-repr.R1	4.0	18.0	55.0	85.0	164.0	263.0	359.0	433.0	540.0	583.0	952.0	6120.0	897.0
	23.0	24.0	25.0	26.0	27.0	28.0	29.0	30.0	31.0	32.0	33.0	34.0	35.0	36.0	37.0
Gmi-CBas_016-GmC02016-L1-fp1-clmp-fp2-fqscrn-repr.R2	1.0	1.0	9.0	28.0	60.0	126.0	202.0	243.0	364.0	434.0	575.0	883.0	1917.0	5376.0	254.0
	24.0	25.0	26.0	27.0	28.0	29.0	30.0	31.0	32.0	33.0	34.0	35.0	36.0	37.0
Gmi-CBas_017-GmC02017-L1-fp1-clmp-fp2-fqscrn-repr.R1	4.0	27.0	119.0	410.0	896.0	1605.0	2487.0	3231.0	3923.0	4195.0	4581.0	6158.0	40437.0	8409.0
	23.0	24.0	25.0	26.0	27.0	28.0	29.0	30.0	31.0	32.0	33.0	34.0	35.0	36.0	37.0
Gmi-CBas_017-GmC02017-L1-fp1-clmp-fp2-fqscrn-repr.R2	2.0	10.0	84.0	275.0	600.0	1177.0	1716.0	2380.0	3110.0	3883.0	4590.0	5932.0	12018.0	38787.0	1918.0
	23.0	24.0	25.0	26.0	27.0	28.0	29.0	30.0	31.0	32.0	33.0	34.0	35.0	36.0	37.0
Gmi-CBas_018-GmC02018-L1-fp1-clmp-fp2-fqscrn-repr.R1	16.0	124.0	1279.0	7241.0	25812.0	62891.0	119791.0	182641.0	241825.0	286332.0	315704.0	328993.0	408444.0	2429359.0	574815.0
	22.0	23.0	24.0	25.0	26.0	27.0	28.0	29.0	30.0	31.0	32.0	33.0	34.0	35.0	36.0	37.0
Gmi-CBas_018-GmC02018-L1-fp1-clmp-fp2-fqscrn-repr.R2	6.0	98.0	868.0	4982.0	17804.0	44588.0	84584.0	135816.0	191943.0	250181.0	302217.0	352154.0	421338.0	756063.0	2308015.0	114610.0
	24.0	25.0	26.0	27.0	28.0	29.0	30.0	31.0	32.0	33.0	34.0	35.0	36.0	37.0
Gmi-CBas_019-GmC02019-L1-fp1-clmp-fp2-fqscrn-repr.R1	3.0	5.0	60.0	217.0	509.0	981.0	1504.0	1992.0	2436.0	2736.0	2765.0	3375.0	21032.0	5216.0
	23.0	24.0	25.0	26.0	27.0	28.0	29.0	30.0	31.0	32.0	33.0	34.0	35.0	36.0	37.0
Gmi-CBas_019-GmC02019-L1-fp1-clmp-fp2-fqscrn-repr.R2	2.0	8.0	53.0	155.0	384.0	683.0	1102.0	1537.0	1990.0	2449.0	2805.0	3373.0	6103.0	20917.0	1270.0
	23.0	24.0	25.0	26.0	27.0	28.0	29.0	30.0	31.0	32.0	33.0	34.0	35.0	36.0	37.0
Gmi-CBas_020-GmC02020-L1-fp1-clmp-fp2-fqscrn-repr.R1	4.0	63.0	472.0	2521.0	8709.0	20937.0	39050.0	58827.0	77506.0	89779.0	100101.0	105230.0	128351.0	737250.0	181465.0
	22.0	23.0	24.0	25.0	26.0	27.0	28.0	29.0	30.0	31.0	32.0	33.0	34.0	35.0	36.0	37.0
Gmi-CBas_020-GmC02020-L1-fp1-clmp-fp2-fqscrn-repr.R2	2.0	32.0	272.0	1549.0	5587.0	13829.0	26447.0	42479.0	59522.0	78315.0	95262.0	110872.0	133963.0	243408.0	707311.0	31415.0
	27.0	28.0	29.0	30.0	31.0	32.0	33.0	34.0	35.0	36.0	37.0
Gmi-CBas_021-GmC02021-L1-fp1-clmp-fp2-fqscrn-repr.R1	1.0	2.0	0.0	3.0	5.0	10.0	9.0	9.0	26.0	78.0	13.0
	25.0	26.0	27.0	28.0	29.0	30.0	31.0	32.0	33.0	34.0	35.0	36.0	37.0
Gmi-CBas_021-GmC02021-L1-fp1-clmp-fp2-fqscrn-repr.R2	1.0	0.0	1.0	2.0	5.0	4.0	5.0	7.0	10.0	6.0	34.0	78.0	3.0
	23.0	24.0	25.0	26.0	27.0	28.0	29.0	30.0	31.0	32.0	33.0	34.0	35.0	36.0	37.0
Gmi-CBas_022-GmC02022-L1-fp1-clmp-fp2-fqscrn-repr.R1	5.0	114.0	1158.0	6541.0	22487.0	54724.0	102065.0	152352.0	198562.0	229090.0	246287.0	250511.0	299332.0	1710722.0	418594.0
	22.0	23.0	24.0	25.0	26.0	27.0	28.0	29.0	30.0	31.0	32.0	33.0	34.0	35.0	36.0	37.0
Gmi-CBas_022-GmC02022-L1-fp1-clmp-fp2-fqscrn-repr.R2	1.0	69.0	627.0	4155.0	15285.0	37541.0	69160.0	108426.0	148908.0	191688.0	231351.0	267834.0	314318.0	538693.0	1677854.0	86634.0
	25.0	26.0	27.0	28.0	29.0	30.0	31.0	32.0	33.0	34.0	35.0	36.0	37.0
Gmi-CBas_023-GmC02023-L1-fp1-clmp-fp2-fqscrn-repr.R1	6.0	22.0	78.0	186.0	332.0	499.0	687.0	784.0	957.0	1110.0	1517.0	8638.0	1576.0
	24.0	25.0	26.0	27.0	28.0	29.0	30.0	31.0	32.0	33.0	34.0	35.0	36.0	37.0
Gmi-CBas_023-GmC02023-L1-fp1-clmp-fp2-fqscrn-repr.R2	3.0	15.0	60.0	128.0	280.0	357.0	569.0	714.0	869.0	1054.0	1444.0	2746.0	7829.0	324.0
	29.0	30.0	31.0	32.0	33.0	34.0	35.0	36.0	37.0
Gmi-CBas_024-GmC02024-L1-fp1-clmp-fp2-fqscrn-repr.R1	1.0	0.0	4.0	2.0	3.0	9.0	9.0	75.0	6.0
	28.0	29.0	30.0	31.0	32.0	33.0	34.0	35.0	36.0	37.0
Gmi-CBas_024-GmC02024-L1-fp1-clmp-fp2-fqscrn-repr.R2	1.0	1.0	1.0	4.0	3.0	7.0	11.0	16.0	64.0	1.0
	22.0	23.0	24.0	25.0	26.0	27.0	28.0	29.0	30.0	31.0	32.0	33.0	34.0	35.0	36.0	37.0
Gmi-CBas_025-GmC02025-L1-fp1-clmp-fp2-fqscrn-repr.R1	1.0	6.0	93.0	962.0	5365.0	18465.0	44196.0	81263.0	119732.0	156328.0	180528.0	194157.0	201704.0	250233.0	1442136.0	338466.0
	22.0	23.0	24.0	25.0	26.0	27.0	28.0	29.0	30.0	31.0	32.0	33.0	34.0	35.0	36.0	37.0
Gmi-CBas_025-GmC02025-L1-fp1-clmp-fp2-fqscrn-repr.R2	3.0	64.0	563.0	3448.0	12797.0	30738.0	56658.0	88910.0	121952.0	155596.0	185916.0	214315.0	255429.0	452866.0	1389308.0	65072.0
	25.0	26.0	27.0	28.0	29.0	30.0	31.0	32.0	33.0	34.0	35.0	36.0	37.0
Gmi-CBas_026-GmC02026-L1-fp1-clmp-fp2-fqscrn-repr.R1	5.0	17.0	57.0	148.0	301.0	427.0	552.0	682.0	728.0	745.0	983.0	6251.0	1303.0
	24.0	25.0	26.0	27.0	28.0	29.0	30.0	31.0	32.0	33.0	34.0	35.0	36.0	37.0
Gmi-CBas_026-GmC02026-L1-fp1-clmp-fp2-fqscrn-repr.R2	1.0	15.0	31.0	98.0	211.0	320.0	432.0	544.0	694.0	816.0	1005.0	2039.0	5735.0	258.0
	24.0	25.0	26.0	27.0	28.0	29.0	30.0	31.0	32.0	33.0	34.0	35.0	36.0	37.0
Gmi-CBas_027-GmC02027-L1-fp1-clmp-fp2-fqscrn-repr.R1	3.0	4.0	28.0	96.0	235.0	451.0	719.0	922.0	1112.0	1188.0	1259.0	1564.0	9094.0	2488.0
	24.0	25.0	26.0	27.0	28.0	29.0	30.0	31.0	32.0	33.0	34.0	35.0	36.0	37.0
Gmi-CBas_027-GmC02027-L1-fp1-clmp-fp2-fqscrn-repr.R2	3.0	20.0	61.0	177.0	285.0	481.0	645.0	834.0	1172.0	1311.0	1613.0	2882.0	9226.0	453.0
	25.0	26.0	27.0	28.0	29.0	30.0	31.0	32.0	33.0	34.0	35.0	36.0	37.0
Gmi-CBas_029-GmC02029-L1-fp1-clmp-fp2-fqscrn-repr.R1	4.0	25.0	83.0	254.0	411.0	670.0	887.0	939.0	1056.0	1058.0	1383.0	9600.0	2326.0
	24.0	25.0	26.0	27.0	28.0	29.0	30.0	31.0	32.0	33.0	34.0	35.0	36.0	37.0
Gmi-CBas_029-GmC02029-L1-fp1-clmp-fp2-fqscrn-repr.R2	2.0	20.0	68.0	154.0	305.0	469.0	626.0	810.0	1024.0	1137.0	1372.0	2715.0	9460.0	534.0
	24.0	25.0	26.0	27.0	28.0	29.0	30.0	31.0	32.0	33.0	34.0	35.0	36.0	37.0
Gmi-CBas_031-GmC02031-L1-fp1-clmp-fp2-fqscrn-repr.R1	29.0	252.0	1360.0	5000.0	12047.0	22375.0	33630.0	43474.0	51066.0	55448.0	57371.0	72579.0	431941.0	97551.0
	22.0	23.0	24.0	25.0	26.0	27.0	28.0	29.0	30.0	31.0	32.0	33.0	34.0	35.0	36.0	37.0
Gmi-CBas_031-GmC02031-L1-fp1-clmp-fp2-fqscrn-repr.R2	2.0	13.0	178.0	917.0	3393.0	8440.0	15883.0	25335.0	34756.0	44363.0	53839.0	62701.0	75311.0	139784.0	401680.0	17528.0
	25.0	26.0	27.0	28.0	29.0	30.0	31.0	32.0	33.0	34.0	35.0	36.0	37.0
Gmi-CBas_033-GmC02033-L1-fp1-clmp-fp2-fqscrn-repr.R1	6.0	44.0	185.0	435.0	792.0	1202.0	1645.0	1841.0	2098.0	2226.0	2939.0	18596.0	3680.0
	23.0	24.0	25.0	26.0	27.0	28.0	29.0	30.0	31.0	32.0	33.0	34.0	35.0	36.0	37.0
Gmi-CBas_033-GmC02033-L1-fp1-clmp-fp2-fqscrn-repr.R2	1.0	10.0	34.0	121.0	312.0	591.0	871.0	1263.0	1603.0	1925.0	2378.0	2933.0	5771.0	17134.0	742.0
	24.0	25.0	26.0	27.0	28.0	29.0	30.0	31.0	32.0	33.0	34.0	35.0	36.0	37.0
Gmi-CBas_034-GmC02034-L1-fp1-clmp-fp2-fqscrn-repr.R1	2.0	52.0	248.0	727.0	1864.0	3519.0	5062.0	6622.0	7918.0	8595.0	9242.0	11496.0	69427.0	15019.0
	23.0	24.0	25.0	26.0	27.0	28.0	29.0	30.0	31.0	32.0	33.0	34.0	35.0	36.0	37.0
Gmi-CBas_034-GmC02034-L1-fp1-clmp-fp2-fqscrn-repr.R2	4.0	31.0	141.0	502.0	1240.0	2332.0	3786.0	5225.0	6894.0	8215.0	9546.0	11691.0	21528.0	65880.0	2778.0
	22.0	23.0	24.0	25.0	26.0	27.0	28.0	29.0	30.0	31.0	32.0	33.0	34.0	35.0	36.0	37.0
Gmi-CBas_035-GmC02035-L1-fp1-clmp-fp2-fqscrn-repr.R1	1.0	6.0	151.0	1389.0	7856.0	27479.0	67500.0	128444.0	194524.0	256562.0	300939.0	329436.0	342657.0	424999.0	2697383.0	677792.0
	22.0	23.0	24.0	25.0	26.0	27.0	28.0	29.0	30.0	31.0	32.0	33.0	34.0	35.0	36.0	37.0
Gmi-CBas_035-GmC02035-L1-fp1-clmp-fp2-fqscrn-repr.R2	2.0	83.0	904.0	5117.0	18658.0	46615.0	87915.0	142531.0	200364.0	261986.0	315827.0	367561.0	441396.0	825023.0	2614694.0	128442.0
	23.0	24.0	25.0	26.0	27.0	28.0	29.0	30.0	31.0	32.0	33.0	34.0	35.0	36.0	37.0
Gmi-CBas_036-GmC02036-L1-fp1-clmp-fp2-fqscrn-repr.R1	1.0	8.0	99.0	514.0	1831.0	4738.0	9040.0	13959.0	18291.0	21341.0	23242.0	24355.0	30274.0	190854.0	46136.0
	23.0	24.0	25.0	26.0	27.0	28.0	29.0	30.0	31.0	32.0	33.0	34.0	35.0	36.0	37.0
Gmi-CBas_036-GmC02036-L1-fp1-clmp-fp2-fqscrn-repr.R2	8.0	50.0	289.0	1091.0	3005.0	5582.0	9248.0	13114.0	17363.0	21528.0	25591.0	31071.0	55773.0	190271.0	10699.0
	25.0	26.0	27.0	28.0	29.0	30.0	31.0	32.0	33.0	34.0	35.0	36.0	37.0
Gmi-CBas_038-GmC02038-L1-fp1-clmp-fp2-fqscrn-repr.R1	19.0	114.0	406.0	998.0	1869.0	2829.0	3625.0	4333.0	4698.0	5069.0	6453.0	34266.0	8423.0
	23.0	24.0	25.0	26.0	27.0	28.0	29.0	30.0	31.0	32.0	33.0	34.0	35.0	36.0	37.0
Gmi-CBas_038-GmC02038-L1-fp1-clmp-fp2-fqscrn-repr.R2	3.0	13.0	68.0	287.0	676.0	1293.0	2057.0	2972.0	3795.0	4459.0	5184.0	6429.0	11673.0	32761.0	1432.0
	24.0	25.0	26.0	27.0	28.0	29.0	30.0	31.0	32.0	33.0	34.0	35.0	36.0	37.0
Gmi-CBas_039-GmC02039-L1-fp1-clmp-fp2-fqscrn-repr.R1	3.0	7.0	58.0	182.0	440.0	859.0	1294.0	1686.0	1989.0	2206.0	2290.0	2825.0	18705.0	4536.0
	23.0	24.0	25.0	26.0	27.0	28.0	29.0	30.0	31.0	32.0	33.0	34.0	35.0	36.0	37.0
Gmi-CBas_039-GmC02039-L1-fp1-clmp-fp2-fqscrn-repr.R2	2.0	6.0	42.0	115.0	329.0	588.0	959.0	1302.0	1755.0	2062.0	2346.0	2929.0	5334.0	18437.0	874.0
	24.0	25.0	26.0	27.0	28.0	29.0	30.0	31.0	32.0	33.0	34.0	35.0	36.0	37.0
Gmi-CBas_041-GmC02041-L1-fp1-clmp-fp2-fqscrn-repr.R1	4.0	23.0	80.0	241.0	497.0	899.0	1283.0	1698.0	2050.0	2222.0	2433.0	3532.0	21370.0	3865.0
	23.0	24.0	25.0	26.0	27.0	28.0	29.0	30.0	31.0	32.0	33.0	34.0	35.0	36.0	37.0
Gmi-CBas_041-GmC02041-L1-fp1-clmp-fp2-fqscrn-repr.R2	2.0	10.0	53.0	147.0	341.0	576.0	918.0	1242.0	1658.0	2074.0	2559.0	3339.0	6706.0	19699.0	873.0
	25.0	26.0	27.0	28.0	29.0	30.0	31.0	32.0	33.0	34.0	35.0	36.0	37.0
Gmi-CBas_043-GmC02043-L1-fp1-clmp-fp2-fqscrn-repr.R1	3.0	9.0	36.0	101.0	197.0	313.0	367.0	453.0	499.0	524.0	661.0	4468.0	992.0
	24.0	25.0	26.0	27.0	28.0	29.0	30.0	31.0	32.0	33.0	34.0	35.0	36.0	37.0
Gmi-CBas_043-GmC02043-L1-fp1-clmp-fp2-fqscrn-repr.R2	2.0	7.0	21.0	71.0	123.0	190.0	260.0	389.0	434.0	529.0	681.0	1216.0	4473.0	227.0
	22.0	23.0	24.0	25.0	26.0	27.0	28.0	29.0	30.0	31.0	32.0	33.0	34.0	35.0	36.0	37.0
Gmi-CBas_044-GmC02044-L1-fp1-clmp-fp2-fqscrn-repr.R1	1.0	15.0	209.0	1903.0	10427.0	37029.0	89575.0	168715.0	252386.0	328377.0	380229.0	406324.0	410737.0	493098.0	2849915.0	666554.0
	22.0	23.0	24.0	25.0	26.0	27.0	28.0	29.0	30.0	31.0	32.0	33.0	34.0	35.0	36.0	37.0
Gmi-CBas_044-GmC02044-L1-fp1-clmp-fp2-fqscrn-repr.R2	5.0	120.0	1115.0	6698.0	24862.0	61100.0	112376.0	177843.0	245164.0	315500.0	379076.0	437858.0	513009.0	880337.0	2797995.0	142436.0
	24.0	25.0	26.0	27.0	28.0	29.0	30.0	31.0	32.0	33.0	34.0	35.0	36.0	37.0
Gmi-CBas_048-GmC02048-L1-fp1-clmp-fp2-fqscrn-repr.R1	2.0	11.0	51.0	190.0	459.0	905.0	1375.0	1744.0	2145.0	2417.0	2572.0	3387.0	18887.0	4276.0
	23.0	24.0	25.0	26.0	27.0	28.0	29.0	30.0	31.0	32.0	33.0	34.0	35.0	36.0	37.0
Gmi-CBas_048-GmC02048-L1-fp1-clmp-fp2-fqscrn-repr.R2	1.0	9.0	47.0	139.0	333.0	681.0	1120.0	1393.0	1912.0	2253.0	2779.0	3369.0	6226.0	17338.0	821.0
	23.0	24.0	25.0	26.0	27.0	28.0	29.0	30.0	31.0	32.0	33.0	34.0	35.0	36.0	37.0
Gmi-CBas_049-GmC02049-L1-fp1-clmp-fp2-fqscrn-repr.R1	1.0	14.0	128.0	653.0	2391.0	5571.0	10770.0	16353.0	21840.0	25826.0	28366.0	29850.0	36799.0	211829.0	50864.0
	22.0	23.0	24.0	25.0	26.0	27.0	28.0	29.0	30.0	31.0	32.0	33.0	34.0	35.0	36.0	37.0
Gmi-CBas_049-GmC02049-L1-fp1-clmp-fp2-fqscrn-repr.R2	1.0	9.0	70.0	381.0	1396.0	3303.0	6406.0	10704.0	15638.0	20931.0	26371.0	31434.0	38158.0	66319.0	210780.0	9354.0
	23.0	24.0	25.0	26.0	27.0	28.0	29.0	30.0	31.0	32.0	33.0	34.0	35.0	36.0	37.0
Gmi-CBas_050-GmC02050-L1-fp1-clmp-fp2-fqscrn-repr.R1	1.0	9.0	90.0	587.0	2237.0	5280.0	10266.0	15599.0	20423.0	24374.0	26504.0	27110.0	33243.0	207333.0	50917.0
	23.0	24.0	25.0	26.0	27.0	28.0	29.0	30.0	31.0	32.0	33.0	34.0	35.0	36.0	37.0
Gmi-CBas_050-GmC02050-L1-fp1-clmp-fp2-fqscrn-repr.R2	11.0	85.0	432.0	1503.0	3840.0	6956.0	11136.0	15160.0	20522.0	24685.0	28820.0	33857.0	60026.0	204982.0	11958.0
	23.0	24.0	25.0	26.0	27.0	28.0	29.0	30.0	31.0	32.0	33.0	34.0	35.0	36.0	37.0
Gmi-CBas_051-GmC02052-L1-fp1-clmp-fp2-fqscrn-repr.R1	9.0	76.0	882.0	4887.0	17228.0	42517.0	81420.0	124797.0	165860.0	197878.0	220776.0	235557.0	291863.0	1677620.0	443896.0
	22.0	23.0	24.0	25.0	26.0	27.0	28.0	29.0	30.0	31.0	32.0	33.0	34.0	35.0	36.0	37.0
Gmi-CBas_051-GmC02052-L1-fp1-clmp-fp2-fqscrn-repr.R2	3.0	59.0	467.0	3141.0	10866.0	27632.0	52890.0	87703.0	126322.0	170636.0	210714.0	251240.0	305211.0	559541.0	1628906.0	69935.0
	25.0	26.0	27.0	28.0	29.0	30.0	31.0	32.0	33.0	34.0	35.0	36.0	37.0
Gmi-CBas_054-GmC02054-L1-fp1-clmp-fp2-fqscrn-repr.R1	2.0	20.0	76.0	210.0	384.0	588.0	793.0	939.0	1090.0	1182.0	1637.0	10448.0	2244.0
	24.0	25.0	26.0	27.0	28.0	29.0	30.0	31.0	32.0	33.0	34.0	35.0	36.0	37.0
Gmi-CBas_054-GmC02054-L1-fp1-clmp-fp2-fqscrn-repr.R2	4.0	18.0	73.0	192.0	293.0	416.0	546.0	816.0	955.0	1184.0	1556.0	3034.0	10028.0	498.0
	23.0	24.0	25.0	26.0	27.0	28.0	29.0	30.0	31.0	32.0	33.0	34.0	35.0	36.0	37.0
Gmi-CBas_056-GmC02056-L1-fp1-clmp-fp2-fqscrn-repr.R1	13.0	120.0	1253.0	6896.0	23717.0	57925.0	109728.0	166262.0	220886.0	261281.0	288223.0	300845.0	369678.0	1925411.0	413112.0
	22.0	23.0	24.0	25.0	26.0	27.0	28.0	29.0	30.0	31.0	32.0	33.0	34.0	35.0	36.0	37.0
Gmi-CBas_056-GmC02056-L1-fp1-clmp-fp2-fqscrn-repr.R2	6.0	87.0	687.0	4196.0	15426.0	38942.0	75500.0	123707.0	175132.0	229570.0	278252.0	323520.0	383086.0	650104.0	1773205.0	73930.0
	26.0	27.0	28.0	29.0	30.0	31.0	32.0	33.0	34.0	35.0	36.0	37.0
Gmi-CBas_057-GmC02057-L1-fp1-clmp-fp2-fqscrn-repr.R1	3.0	5.0	14.0	19.0	28.0	43.0	47.0	55.0	60.0	96.0	626.0	115.0
	25.0	26.0	27.0	28.0	29.0	30.0	31.0	32.0	33.0	34.0	35.0	36.0	37.0
Gmi-CBas_057-GmC02057-L1-fp1-clmp-fp2-fqscrn-repr.R2	2.0	1.0	11.0	10.0	31.0	29.0	24.0	44.0	70.0	79.0	195.0	588.0	27.0
	23.0	24.0	25.0	26.0	27.0	28.0	29.0	30.0	31.0	32.0	33.0	34.0	35.0	36.0	37.0
Gmi-CBas_059-GmC02059-L1-fp1-clmp-fp2-fqscrn-repr.R1	9.0	68.0	799.0	4756.0	17229.0	43170.0	83403.0	129471.0	173817.0	208933.0	235894.0	251745.0	308768.0	1622468.0	403155.0
	22.0	23.0	24.0	25.0	26.0	27.0	28.0	29.0	30.0	31.0	32.0	33.0	34.0	35.0	36.0	37.0
Gmi-CBas_059-GmC02059-L1-fp1-clmp-fp2-fqscrn-repr.R2	4.0	71.0	617.0	3553.0	12127.0	30089.0	58082.0	96393.0	139291.0	185813.0	227843.0	269899.0	321999.0	556149.0	1519277.0	62478.0
	22.0	23.0	24.0	25.0	26.0	27.0	28.0	29.0	30.0	31.0	32.0	33.0	34.0	35.0	36.0	37.0
Gmi-CBas_063-GmC02063-L1-fp1-clmp-fp2-fqscrn-repr.R1	1.0	6.0	94.0	772.0	4385.0	15956.0	38828.0	75026.0	115896.0	153401.0	183162.0	204402.0	217128.0	263773.0	1442287.0	389222.0
	22.0	23.0	24.0	25.0	26.0	27.0	28.0	29.0	30.0	31.0	32.0	33.0	34.0	35.0	36.0	37.0
Gmi-CBas_063-GmC02063-L1-fp1-clmp-fp2-fqscrn-repr.R2	3.0	52.0	501.0	2999.0	10626.0	26488.0	51171.0	84888.0	122782.0	162638.0	198943.0	233629.0	279007.0	489932.0	1380344.0	60336.0
	25.0	26.0	27.0	28.0	29.0	30.0	31.0	32.0	33.0	34.0	35.0	36.0	37.0
Gmi-CBas_064-GmC02064-L1-fp1-clmp-fp2-fqscrn-repr.R1	1.0	1.0	15.0	27.0	40.0	70.0	80.0	107.0	137.0	164.0	181.0	1077.0	249.0
	25.0	26.0	27.0	28.0	29.0	30.0	31.0	32.0	33.0	34.0	35.0	36.0	37.0
Gmi-CBas_064-GmC02064-L1-fp1-clmp-fp2-fqscrn-repr.R2	1.0	10.0	17.0	25.0	57.0	71.0	92.0	135.0	153.0	190.0	323.0	1037.0	38.0
	25.0	26.0	27.0	28.0	29.0	30.0	31.0	32.0	33.0	34.0	35.0	36.0	37.0
Gmi-CBas_066-GmC02066-L1-fp1-clmp-fp2-fqscrn-repr.R1	1.0	18.0	60.0	141.0	234.0	383.0	504.0	577.0	657.0	707.0	1022.0	6478.0	1208.0
	24.0	25.0	26.0	27.0	28.0	29.0	30.0	31.0	32.0	33.0	34.0	35.0	36.0	37.0
Gmi-CBas_066-GmC02066-L1-fp1-clmp-fp2-fqscrn-repr.R2	1.0	5.0	35.0	98.0	170.0	272.0	376.0	486.0	547.0	745.0	943.0	1883.0	6131.0	298.0
	24.0	25.0	26.0	27.0	28.0	29.0	30.0	31.0	32.0	33.0	34.0	35.0	36.0	37.0
Gmi-CBas_068-GmC02068-L1-fp1-clmp-fp2-fqscrn-repr.R1	2.0	13.0	94.0	310.0	783.0	1453.0	2355.0	3086.0	3584.0	4158.0	4379.0	5126.0	27642.0	7460.0
	23.0	24.0	25.0	26.0	27.0	28.0	29.0	30.0	31.0	32.0	33.0	34.0	35.0	36.0	37.0
Gmi-CBas_068-GmC02068-L1-fp1-clmp-fp2-fqscrn-repr.R2	1.0	9.0	60.0	224.0	537.0	1077.0	1658.0	2445.0	3180.0	3808.0	4597.0	5458.0	9495.0	26766.0	1130.0
	23.0	24.0	25.0	26.0	27.0	28.0	29.0	30.0	31.0	32.0	33.0	34.0	35.0	36.0	37.0
Gmi-CBas_069-GmC02069-L1-fp1-clmp-fp2-fqscrn-repr.R1	1.0	1.0	13.0	97.0	304.0	729.0	1378.0	2210.0	2974.0	3636.0	4119.0	4589.0	6580.0	42971.0	9107.0
	23.0	24.0	25.0	26.0	27.0	28.0	29.0	30.0	31.0	32.0	33.0	34.0	35.0	36.0	37.0
Gmi-CBas_069-GmC02069-L1-fp1-clmp-fp2-fqscrn-repr.R2	1.0	8.0	60.0	216.0	495.0	974.0	1669.0	2358.0	3135.0	3992.0	4756.0	6233.0	13141.0	39991.0	1680.0
	22.0	23.0	24.0	25.0	26.0	27.0	28.0	29.0	30.0	31.0	32.0	33.0	34.0	35.0	36.0	37.0
Gmi-CBas_072-GmC02072-L1-fp1-clmp-fp2-fqscrn-repr.R1	1.0	7.0	81.0	981.0	5287.0	18759.0	46770.0	90193.0	138659.0	182957.0	213237.0	231038.0	235851.0	291338.0	1752757.0	376716.0
	22.0	23.0	24.0	25.0	26.0	27.0	28.0	29.0	30.0	31.0	32.0	33.0	34.0	35.0	36.0	37.0
Gmi-CBas_072-GmC02072-L1-fp1-clmp-fp2-fqscrn-repr.R2	4.0	65.0	474.0	2862.0	9858.0	25057.0	48829.0	81988.0	119152.0	162375.0	204076.0	244366.0	291451.0	501789.0	1787113.0	105173.0
	24.0	25.0	26.0	27.0	28.0	29.0	30.0	31.0	32.0	33.0	34.0	35.0	36.0	37.0
Gmi-CBas_075-GmC02075-L1-fp1-clmp-fp2-fqscrn-repr.R1	1.0	0.0	7.0	63.0	87.0	191.0	330.0	444.0	571.0	656.0	824.0	1212.0	7831.0	1177.0
	24.0	25.0	26.0	27.0	28.0	29.0	30.0	31.0	32.0	33.0	34.0	35.0	36.0	37.0
Gmi-CBas_075-GmC02075-L1-fp1-clmp-fp2-fqscrn-repr.R2	2.0	11.0	38.0	87.0	134.0	258.0	319.0	437.0	591.0	747.0	1132.0	2423.0	6912.0	303.0
	24.0	25.0	26.0	27.0	28.0	29.0	30.0	31.0	32.0	33.0	34.0	35.0	36.0	37.0
Gmi-CBas_077-GmC02077-L1-fp1-clmp-fp2-fqscrn-repr.R1	1.0	2.0	27.0	83.0	213.0	373.0	613.0	771.0	975.0	1070.0	1101.0	1378.0	9368.0	2598.0
	24.0	25.0	26.0	27.0	28.0	29.0	30.0	31.0	32.0	33.0	34.0	35.0	36.0	37.0
Gmi-CBas_077-GmC02077-L1-fp1-clmp-fp2-fqscrn-repr.R2	1.0	22.0	61.0	166.0	259.0	413.0	618.0	823.0	994.0	1108.0	1475.0	2789.0	9344.0	500.0
	26.0	27.0	28.0	29.0	30.0	31.0	32.0	33.0	34.0	35.0	36.0	37.0
Gmi-CBas_080-GmC02080-L1-fp1-clmp-fp2-fqscrn-repr.R1	6.0	7.0	19.0	31.0	52.0	80.0	95.0	101.0	153.0	214.0	1290.0	219.0
	26.0	27.0	28.0	29.0	30.0	31.0	32.0	33.0	34.0	35.0	36.0	37.0
Gmi-CBas_080-GmC02080-L1-fp1-clmp-fp2-fqscrn-repr.R2	4.0	18.0	26.0	47.0	47.0	75.0	103.0	157.0	205.0	419.0	1108.0	58.0
	24.0	25.0	26.0	27.0	28.0	29.0	30.0	31.0	32.0	33.0	34.0	35.0	36.0	37.0
Gmi-CBas_082-GmC02082-L1-fp1-clmp-fp2-fqscrn-repr.R1	6.0	42.0	242.0	849.0	2092.0	4019.0	6083.0	7681.0	8954.0	9820.0	10198.0	12199.0	78441.0	20095.0
	23.0	24.0	25.0	26.0	27.0	28.0	29.0	30.0	31.0	32.0	33.0	34.0	35.0	36.0	37.0
Gmi-CBas_082-GmC02082-L1-fp1-clmp-fp2-fqscrn-repr.R2	1.0	25.0	185.0	630.0	1527.0	2659.0	4259.0	5813.0	7599.0	9138.0	10575.0	12524.0	22702.0	78967.0	4117.0
	22.0	23.0	24.0	25.0	26.0	27.0	28.0	29.0	30.0	31.0	32.0	33.0	34.0	35.0	36.0	37.0
Gmi-CBas_083-GmC02083-L1-fp1-clmp-fp2-fqscrn-repr.R1	1.0	11.0	102.0	1013.0	5677.0	20568.0	50064.0	93720.0	140890.0	183068.0	212744.0	229037.0	231306.0	277866.0	1729839.0	440359.0
	22.0	23.0	24.0	25.0	26.0	27.0	28.0	29.0	30.0	31.0	32.0	33.0	34.0	35.0	36.0	37.0
Gmi-CBas_083-GmC02083-L1-fp1-clmp-fp2-fqscrn-repr.R2	1.0	76.0	665.0	4345.0	15196.0	36844.0	65742.0	101798.0	139851.0	179401.0	213576.0	246937.0	289530.0	525728.0	1707960.0	88615.0
	23.0	24.0	25.0	26.0	27.0	28.0	29.0	30.0	31.0	32.0	33.0	34.0	35.0	36.0	37.0
Gmi-CBas_086-GmC02086-L1-fp1-clmp-fp2-fqscrn-repr.R1	11.0	135.0	1526.0	8509.0	30192.0	74482.0	142533.0	214974.0	284411.0	336179.0	371014.0	385624.0	457657.0	2377791.0	589820.0
	22.0	23.0	24.0	25.0	26.0	27.0	28.0	29.0	30.0	31.0	32.0	33.0	34.0	35.0	36.0	37.0
Gmi-CBas_086-GmC02086-L1-fp1-clmp-fp2-fqscrn-repr.R2	5.0	96.0	1040.0	6883.0	24686.0	60965.0	113539.0	178397.0	244892.0	312391.0	368784.0	418618.0	487205.0	851800.0	2122679.0	82878.0
	22.0	23.0	24.0	25.0	26.0	27.0	28.0	29.0	30.0	31.0	32.0	33.0	34.0	35.0	36.0	37.0
Gmi-CBas_087-GmC02087-L1-fp1-clmp-fp2-fqscrn-repr.R1	1.0	13.0	170.0	1458.0	8307.0	29532.0	72842.0	138784.0	210708.0	279661.0	330100.0	362744.0	382110.0	482113.0	2890014.0	654177.0
	23.0	24.0	25.0	26.0	27.0	28.0	29.0	30.0	31.0	32.0	33.0	34.0	35.0	36.0	37.0
Gmi-CBas_087-GmC02087-L1-fp1-clmp-fp2-fqscrn-repr.R2	120.0	887.0	5497.0	19375.0	49330.0	93662.0	152193.0	215824.0	284575.0	346493.0	404947.0	488675.0	907309.0	2742422.0	131425.0
	25.0	26.0	27.0	28.0	29.0	30.0	31.0	32.0	33.0	34.0	35.0	36.0	37.0
Gmi-CBas_092-GmC02092-L1-fp1-clmp-fp2-fqscrn-repr.R1	19.0	109.0	436.0	1097.0	2014.0	3080.0	4153.0	4749.0	5373.0	5391.0	6973.0	44476.0	11336.0
	23.0	24.0	25.0	26.0	27.0	28.0	29.0	30.0	31.0	32.0	33.0	34.0	35.0	36.0	37.0
Gmi-CBas_092-GmC02092-L1-fp1-clmp-fp2-fqscrn-repr.R2	4.0	14.0	79.0	281.0	670.0	1373.0	2154.0	3081.0	4067.0	4987.0	5984.0	7221.0	13248.0	43811.0	2232.0
	24.0	25.0	26.0	27.0	28.0	29.0	30.0	31.0	32.0	33.0	34.0	35.0	36.0	37.0
Gmi-CBas_095-GmC02095-L1-fp1-clmp-fp2-fqscrn-repr.R1	6.0	60.0	332.0	1123.0	2752.0	5064.0	7624.0	9954.0	11573.0	12523.0	12880.0	15155.0	94210.0	23834.0
	23.0	24.0	25.0	26.0	27.0	28.0	29.0	30.0	31.0	32.0	33.0	34.0	35.0	36.0	37.0
Gmi-CBas_095-GmC02095-L1-fp1-clmp-fp2-fqscrn-repr.R2	7.0	36.0	252.0	861.0	2110.0	3667.0	5761.0	7931.0	10110.0	11951.0	13651.0	16020.0	28894.0	91160.0	4679.0
	24.0	25.0	26.0	27.0	28.0	29.0	30.0	31.0	32.0	33.0	34.0	35.0	36.0	37.0
Gmi-CBat_002-GmC01002-L1-fp1-clmp-fp2-fqscrn-repr.R1	3.0	26.0	152.0	473.0	1170.0	2271.0	3319.0	4311.0	5296.0	5754.0	6033.0	7385.0	45129.0	11483.0
	23.0	24.0	25.0	26.0	27.0	28.0	29.0	30.0	31.0	32.0	33.0	34.0	35.0	36.0	37.0
Gmi-CBat_002-GmC01002-L1-fp1-clmp-fp2-fqscrn-repr.R2	6.0	19.0	109.0	389.0	919.0	1710.0	2554.0	3436.0	4587.0	5366.0	6526.0	7747.0	14267.0	43313.0	1857.0
	25.0	26.0	27.0	28.0	29.0	30.0	31.0	32.0	33.0	34.0	35.0	36.0	37.0
Gmi-CBat_005-GmC01005-L1-fp1-clmp-fp2-fqscrn-repr.R1	5.0	21.0	52.0	137.0	272.0	430.0	581.0	814.0	993.0	1169.0	1797.0	10825.0	1902.0
	24.0	25.0	26.0	27.0	28.0	29.0	30.0	31.0	32.0	33.0	34.0	35.0	36.0	37.0
Gmi-CBat_005-GmC01005-L1-fp1-clmp-fp2-fqscrn-repr.R2	2.0	12.0	48.0	122.0	237.0	345.0	517.0	699.0	958.0	1275.0	1816.0	3755.0	8805.0	407.0
	23.0	24.0	25.0	26.0	27.0	28.0	29.0	30.0	31.0	32.0	33.0	34.0	35.0	36.0	37.0
Gmi-CBat_006-GmC01006-L1-fp1-clmp-fp2-fqscrn-repr.R1	1.0	18.0	149.0	865.0	3011.0	7536.0	14735.0	22936.0	31040.0	37685.0	42752.0	46812.0	60537.0	351655.0	82465.0
	23.0	24.0	25.0	26.0	27.0	28.0	29.0	30.0	31.0	32.0	33.0	34.0	35.0	36.0	37.0
Gmi-CBat_006-GmC01006-L1-fp1-clmp-fp2-fqscrn-repr.R2	19.0	130.0	725.0	2322.0	5577.0	10285.0	17375.0	25024.0	33488.0	41533.0	50120.0	61487.0	115808.0	325627.0	12677.0
	23.0	24.0	25.0	26.0	27.0	28.0	29.0	30.0	31.0	32.0	33.0	34.0	35.0	36.0	37.0
Gmi-CBat_008-GmC01008-L1-fp1-clmp-fp2-fqscrn-repr.R1	11.0	142.0	1305.0	7191.0	26077.0	64498.0	126232.0	200186.0	280975.0	356520.0	429985.0	499344.0	676302.0	2910572.0	639919.0
	22.0	23.0	24.0	25.0	26.0	27.0	28.0	29.0	30.0	31.0	32.0	33.0	34.0	35.0	36.0	37.0
Gmi-CBat_008-GmC01008-L1-fp1-clmp-fp2-fqscrn-repr.R2	1.0	132.0	1295.0	8165.0	28379.0	66795.0	118187.0	189498.0	277053.0	384353.0	499240.0	615007.0	741651.0	1157259.0	2051314.0	80930.0
	24.0	25.0	26.0	27.0	28.0	29.0	30.0	31.0	32.0	33.0	34.0	35.0	36.0	37.0
Gmi-CBat_009-GmC01009-L1-fp1-clmp-fp2-fqscrn-repr.R1	17.0	228.0	1299.0	4700.0	11726.0	22799.0	35246.0	47181.0	57138.0	64677.0	71390.0	91452.0	490854.0	125181.0
	23.0	24.0	25.0	26.0	27.0	28.0	29.0	30.0	31.0	32.0	33.0	34.0	35.0	36.0	37.0
Gmi-CBat_009-GmC01009-L1-fp1-clmp-fp2-fqscrn-repr.R2	16.0	136.0	989.0	3595.0	8997.0	16488.0	27562.0	40254.0	53518.0	66837.0	79782.0	96378.0	172854.0	439264.0	17218.0
	27.0	28.0	29.0	30.0	31.0	32.0	33.0	34.0	35.0	36.0	37.0
Gmi-CBat_012-GmC01012-L1-fp1-clmp-fp2-fqscrn-repr.R1	3.0	1.0	8.0	12.0	13.0	19.0	28.0	30.0	41.0	255.0	35.0
	27.0	28.0	29.0	30.0	31.0	32.0	33.0	34.0	35.0	36.0	37.0
Gmi-CBat_012-GmC01012-L1-fp1-clmp-fp2-fqscrn-repr.R2	2.0	6.0	9.0	12.0	14.0	25.0	29.0	41.0	90.0	213.0	4.0
	24.0	25.0	26.0	27.0	28.0	29.0	30.0	31.0	32.0	33.0	34.0	35.0	36.0	37.0
Gmi-CBat_013-GmC01013-L1-fp1-clmp-fp2-fqscrn-repr.R1	3.0	19.0	112.0	362.0	912.0	1679.0	2542.0	3352.0	3857.0	4334.0	4663.0	5871.0	36174.0	8276.0
	24.0	25.0	26.0	27.0	28.0	29.0	30.0	31.0	32.0	33.0	34.0	35.0	36.0	37.0
Gmi-CBat_013-GmC01013-L1-fp1-clmp-fp2-fqscrn-repr.R2	17.0	65.0	275.0	617.0	1239.0	1805.0	2634.0	3423.0	4187.0	4974.0	6030.0	11196.0	34105.0	1589.0
	23.0	24.0	25.0	26.0	27.0	28.0	29.0	30.0	31.0	32.0	33.0	34.0	35.0	36.0	37.0
Gmi-CBat_014-GmC01014-L1-fp1-clmp-fp2-fqscrn-repr.R1	4.0	110.0	899.0	5321.0	18742.0	46319.0	86514.0	130256.0	171216.0	200654.0	220454.0	229508.0	281181.0	1539363.0	384853.0
	22.0	23.0	24.0	25.0	26.0	27.0	28.0	29.0	30.0	31.0	32.0	33.0	34.0	35.0	36.0	37.0
Gmi-CBat_014-GmC01014-L1-fp1-clmp-fp2-fqscrn-repr.R2	5.0	91.0	855.0	5062.0	17794.0	41647.0	73469.0	112040.0	149759.0	187674.0	220491.0	252102.0	296191.0	515678.0	1384277.0	58259.0
	23.0	24.0	25.0	26.0	27.0	28.0	29.0	30.0	31.0	32.0	33.0	34.0	35.0	36.0	37.0
Gmi-CBat_016-GmC01016-L1-fp1-clmp-fp2-fqscrn-repr.R1	10.0	127.0	1089.0	6083.0	21597.0	52790.0	98451.0	148226.0	193591.0	227574.0	250045.0	262262.0	326200.0	1893238.0	469422.0
	22.0	23.0	24.0	25.0	26.0	27.0	28.0	29.0	30.0	31.0	32.0	33.0	34.0	35.0	36.0	37.0
Gmi-CBat_016-GmC01016-L1-fp1-clmp-fp2-fqscrn-repr.R2	4.0	96.0	950.0	5201.0	17867.0	42633.0	76966.0	120482.0	165267.0	210879.0	249744.0	287415.0	343397.0	619394.0	1738241.0	72169.0
	23.0	24.0	25.0	26.0	27.0	28.0	29.0	30.0	31.0	32.0	33.0	34.0	35.0	36.0	37.0
Gmi-CBat_017-GmC01017-L1-fp1-clmp-fp2-fqscrn-repr.R1	7.0	94.0	935.0	5130.0	18215.0	44666.0	86210.0	134796.0	185837.0	234418.0	282283.0	333158.0	474572.0	1914924.0	392880.0
	22.0	23.0	24.0	25.0	26.0	27.0	28.0	29.0	30.0	31.0	32.0	33.0	34.0	35.0	36.0	37.0
Gmi-CBat_017-GmC01017-L1-fp1-clmp-fp2-fqscrn-repr.R2	1.0	76.0	753.0	4806.0	17737.0	42795.0	77683.0	125847.0	183875.0	255430.0	331550.0	409926.0	496727.0	756241.0	1345250.0	59428.0
	23.0	24.0	25.0	26.0	27.0	28.0	29.0	30.0	31.0	32.0	33.0	34.0	35.0	36.0	37.0
Gmi-CBat_018-GmC01018-L1-fp1-clmp-fp2-fqscrn-repr.R1	2.0	51.0	653.0	3582.0	12342.0	31057.0	59110.0	90177.0	119547.0	141368.0	158501.0	169017.0	217377.0	1250049.0	283089.0
	22.0	23.0	24.0	25.0	26.0	27.0	28.0	29.0	30.0	31.0	32.0	33.0	34.0	35.0	36.0	37.0
Gmi-CBat_018-GmC01018-L1-fp1-clmp-fp2-fqscrn-repr.R2	3.0	44.0	434.0	2425.0	8419.0	20937.0	39622.0	64315.0	91863.0	122301.0	150535.0	179914.0	216659.0	394546.0	1187046.0	56859.0
	25.0	26.0	27.0	28.0	29.0	30.0	31.0	32.0	33.0	34.0	35.0	36.0	37.0
Gmi-CBat_021-GmC01021-L1-fp1-clmp-fp2-fqscrn-repr.R1	6.0	38.0	104.0	240.0	386.0	614.0	874.0	1067.0	1254.0	1604.0	2515.0	14460.0	2242.0
	24.0	25.0	26.0	27.0	28.0	29.0	30.0	31.0	32.0	33.0	34.0	35.0	36.0	37.0
Gmi-CBat_021-GmC01021-L1-fp1-clmp-fp2-fqscrn-repr.R2	3.0	27.0	79.0	158.0	282.0	499.0	677.0	906.0	1226.0	1574.0	2366.0	4780.0	12255.0	572.0
	25.0	26.0	27.0	28.0	29.0	30.0	31.0	32.0	33.0	34.0	35.0	36.0	37.0
Gmi-CBat_022-GmC01022-L1-fp1-clmp-fp2-fqscrn-repr.R1	9.0	47.0	128.0	374.0	636.0	1018.0	1340.0	1545.0	1673.0	1874.0	2425.0	13496.0	2924.0
	23.0	24.0	25.0	26.0	27.0	28.0	29.0	30.0	31.0	32.0	33.0	34.0	35.0	36.0	37.0
Gmi-CBat_022-GmC01022-L1-fp1-clmp-fp2-fqscrn-repr.R2	1.0	8.0	49.0	125.0	287.0	603.0	926.0	1230.0	1454.0	1811.0	2123.0	2513.0	4667.0	11307.0	385.0
	22.0	23.0	24.0	25.0	26.0	27.0	28.0	29.0	30.0	31.0	32.0	33.0	34.0	35.0	36.0	37.0
Gmi-CBat_026-GmC01026-L1-fp1-clmp-fp2-fqscrn-repr.R1	4.0	24.0	265.0	3026.0	16636.0	58843.0	144753.0	276049.0	422569.0	574222.0	695341.0	799082.0	883158.0	1149132.0	5030473.0	1148454.0
	22.0	23.0	24.0	25.0	26.0	27.0	28.0	29.0	30.0	31.0	32.0	33.0	34.0	35.0	36.0	37.0
Gmi-CBat_026-GmC01026-L1-fp1-clmp-fp2-fqscrn-repr.R2	3.0	218.0	2082.0	12272.0	44901.0	106645.0	194528.0	314958.0	457276.0	630513.0	803485.0	974041.0	1157832.0	1838359.0	4438088.0	226830.0
	23.0	24.0	25.0	26.0	27.0	28.0	29.0	30.0	31.0	32.0	33.0	34.0	35.0	36.0	37.0
Gmi-CBat_028-GmC01028-L1-fp1-clmp-fp2-fqscrn-repr.R1	2.0	58.0	537.0	2955.0	10933.0	26430.0	50036.0	74960.0	99313.0	119348.0	135031.0	147717.0	187698.0	944775.0	224627.0
	22.0	23.0	24.0	25.0	26.0	27.0	28.0	29.0	30.0	31.0	32.0	33.0	34.0	35.0	36.0	37.0
Gmi-CBat_028-GmC01028-L1-fp1-clmp-fp2-fqscrn-repr.R2	2.0	58.0	507.0	3094.0	10240.0	24586.0	44389.0	69124.0	94354.0	119534.0	141612.0	163880.0	198937.0	346474.0	779867.0	27762.0
	23.0	24.0	25.0	26.0	27.0	28.0	29.0	30.0	31.0	32.0	33.0	34.0	35.0	36.0	37.0
Gmi-CBat_029-GmC01029-L1-fp1-clmp-fp2-fqscrn-repr.R1	10.0	127.0	1465.0	8395.0	30199.0	73738.0	142362.0	222040.0	305854.0	376898.0	443753.0	501578.0	676187.0	3033595.0	673252.0
	22.0	23.0	24.0	25.0	26.0	27.0	28.0	29.0	30.0	31.0	32.0	33.0	34.0	35.0	36.0	37.0
Gmi-CBat_029-GmC01029-L1-fp1-clmp-fp2-fqscrn-repr.R2	5.0	124.0	1104.0	6927.0	24278.0	58825.0	108922.0	178038.0	263225.0	365148.0	471090.0	577862.0	702023.0	1151395.0	2467814.0	112673.0
	23.0	24.0	25.0	26.0	27.0	28.0	29.0	30.0	31.0	32.0	33.0	34.0	35.0	36.0	37.0
Gmi-CBat_032-GmC01032-L1-fp1-clmp-fp2-fqscrn-repr.R1	4.0	66.0	818.0	4638.0	17039.0	42426.0	81709.0	129268.0	183396.0	235866.0	292885.0	359391.0	530070.0	1803914.0	351487.0
	21.0	22.0	23.0	24.0	25.0	26.0	27.0	28.0	29.0	30.0	31.0	32.0	33.0	34.0	35.0	36.0	37.0
Gmi-CBat_032-GmC01032-L1-fp1-clmp-fp2-fqscrn-repr.R2	1.0	1.0	91.0	921.0	6005.0	21313.0	50210.0	90526.0	144705.0	209222.0	290389.0	377128.0	463457.0	548724.0	756359.0	1031410.0	42515.0
	23.0	24.0	25.0	26.0	27.0	28.0	29.0	30.0	31.0	32.0	33.0	34.0	35.0	36.0	37.0
Gmi-CBat_033-GmC01033-L1-fp1-clmp-fp2-fqscrn-repr.R1	7.0	121.0	1173.0	6464.0	22850.0	56489.0	105740.0	159159.0	211471.0	250085.0	277450.0	294394.0	361779.0	1992644.0	506172.0
	22.0	23.0	24.0	25.0	26.0	27.0	28.0	29.0	30.0	31.0	32.0	33.0	34.0	35.0	36.0	37.0
Gmi-CBat_033-GmC01033-L1-fp1-clmp-fp2-fqscrn-repr.R2	3.0	106.0	923.0	5534.0	18606.0	44706.0	82186.0	130436.0	180883.0	232484.0	277482.0	319099.0	383646.0	686892.0	1810827.0	72185.0
	24.0	25.0	26.0	27.0	28.0	29.0	30.0	31.0	32.0	33.0	34.0	35.0	36.0	37.0
Gmi-CBat_035-GmC01035-L1-fp1-clmp-fp2-fqscrn-repr.R1	1.0	4.0	57.0	191.0	512.0	900.0	1370.0	1674.0	2010.0	2212.0	2429.0	3090.0	17790.0	4567.0
	23.0	24.0	25.0	26.0	27.0	28.0	29.0	30.0	31.0	32.0	33.0	34.0	35.0	36.0	37.0
Gmi-CBat_035-GmC01035-L1-fp1-clmp-fp2-fqscrn-repr.R2	2.0	8.0	46.0	172.0	368.0	663.0	1007.0	1427.0	1753.0	2177.0	2638.0	3174.0	5732.0	16874.0	766.0
	25.0	26.0	27.0	28.0	29.0	30.0	31.0	32.0	33.0	34.0	35.0	36.0	37.0
Gmi-CBat_036-GmC01036-L1-fp1-clmp-fp2-fqscrn-repr.R1	12.0	88.0	281.0	688.0	1305.0	2044.0	2658.0	3186.0	3483.0	3587.0	4428.0	27129.0	7695.0
	22.0	23.0	24.0	25.0	26.0	27.0	28.0	29.0	30.0	31.0	32.0	33.0	34.0	35.0	36.0	37.0
Gmi-CBat_036-GmC01036-L1-fp1-clmp-fp2-fqscrn-repr.R2	1.0	1.0	17.0	93.0	285.0	596.0	996.0	1613.0	2138.0	2796.0	3151.0	3823.0	4521.0	8432.0	27012.0	1109.0
	22.0	23.0	24.0	25.0	26.0	27.0	28.0	29.0	30.0	31.0	32.0	33.0	34.0	35.0	36.0	37.0
Gmi-CBat_038-GmC01038-L1-fp1-clmp-fp2-fqscrn-repr.R1	2.0	7.0	103.0	1055.0	6155.0	21777.0	53665.0	101189.0	152627.0	201560.0	236975.0	261000.0	272790.0	329876.0	1724319.0	429502.0
	22.0	23.0	24.0	25.0	26.0	27.0	28.0	29.0	30.0	31.0	32.0	33.0	34.0	35.0	36.0	37.0
Gmi-CBat_038-GmC01038-L1-fp1-clmp-fp2-fqscrn-repr.R2	2.0	111.0	975.0	5797.0	19786.0	46869.0	83412.0	127725.0	174064.0	219722.0	258698.0	295898.0	347143.0	598622.0	1550873.0	62905.0
	24.0	25.0	26.0	27.0	28.0	29.0	30.0	31.0	32.0	33.0	34.0	35.0	36.0	37.0
Gmi-CBat_040-GmC01040-L1-fp1-clmp-fp2-fqscrn-repr.R1	1.0	1.0	1.0	15.0	43.0	70.0	94.0	150.0	202.0	224.0	224.0	368.0	2290.0	422.0
	24.0	25.0	26.0	27.0	28.0	29.0	30.0	31.0	32.0	33.0	34.0	35.0	36.0	37.0
Gmi-CBat_040-GmC01040-L1-fp1-clmp-fp2-fqscrn-repr.R2	1.0	3.0	12.0	39.0	56.0	78.0	94.0	143.0	210.0	245.0	318.0	733.0	2077.0	96.0
	23.0	24.0	25.0	26.0	27.0	28.0	29.0	30.0	31.0	32.0	33.0	34.0	35.0	36.0	37.0
Gmi-CBat_041-GmC01041-L1-fp1-clmp-fp2-fqscrn-repr.R1	10.0	165.0	1703.0	9569.0	33713.0	82794.0	158592.0	248032.0	340039.0	422753.0	495030.0	562847.0	758873.0	3419897.0	762560.0
	22.0	23.0	24.0	25.0	26.0	27.0	28.0	29.0	30.0	31.0	32.0	33.0	34.0	35.0	36.0	37.0
Gmi-CBat_041-GmC01041-L1-fp1-clmp-fp2-fqscrn-repr.R2	7.0	115.0	1317.0	8344.0	29382.0	71518.0	129685.0	210950.0	306280.0	421985.0	541405.0	663028.0	801675.0	1291084.0	2700941.0	118861.0
	23.0	24.0	25.0	26.0	27.0	28.0	29.0	30.0	31.0	32.0	33.0	34.0	35.0	36.0	37.0
Gmi-CBat_045-GmC01045-L1-fp1-clmp-fp2-fqscrn-repr.R1	6.0	119.0	1314.0	7375.0	27049.0	66603.0	125463.0	190334.0	254813.0	306280.0	348222.0	374665.0	475157.0	2247532.0	521972.0
	22.0	23.0	24.0	25.0	26.0	27.0	28.0	29.0	30.0	31.0	32.0	33.0	34.0	35.0	36.0	37.0
Gmi-CBat_045-GmC01045-L1-fp1-clmp-fp2-fqscrn-repr.R2	5.0	162.0	1176.0	6924.0	24588.0	59098.0	110122.0	174565.0	239687.0	305318.0	364209.0	419114.0	501722.0	849791.0	1825661.0	64762.0
	24.0	25.0	26.0	27.0	28.0	29.0	30.0	31.0	32.0	33.0	34.0	35.0	36.0	37.0
Gmi-CBat_047-GmC01047-L1-fp1-clmp-fp2-fqscrn-repr.R1	4.0	30.0	156.0	589.0	1452.0	2709.0	4238.0	5637.0	6691.0	7660.0	8619.0	11154.0	55561.0	12319.0
	23.0	24.0	25.0	26.0	27.0	28.0	29.0	30.0	31.0	32.0	33.0	34.0	35.0	36.0	37.0
Gmi-CBat_047-GmC01047-L1-fp1-clmp-fp2-fqscrn-repr.R2	2.0	12.0	111.0	399.0	968.0	1753.0	2820.0	4057.0	5588.0	7422.0	9068.0	11160.0	18812.0	51630.0	3017.0
	26.0	27.0	28.0	29.0	30.0	31.0	32.0	33.0	34.0	35.0	36.0	37.0
Gmi-CBat_051-GmC01051-L1-fp1-clmp-fp2-fqscrn-repr.R1	11.0	31.0	61.0	118.0	205.0	283.0	326.0	399.0	507.0	705.0	4149.0	737.0
	25.0	26.0	27.0	28.0	29.0	30.0	31.0	32.0	33.0	34.0	35.0	36.0	37.0
Gmi-CBat_051-GmC01051-L1-fp1-clmp-fp2-fqscrn-repr.R2	7.0	25.0	55.0	81.0	155.0	232.0	302.0	383.0	507.0	636.0	1284.0	3692.0	173.0
	23.0	24.0	25.0	26.0	27.0	28.0	29.0	30.0	31.0	32.0	33.0	34.0	35.0	36.0	37.0
Gmi-CBat_053-GmC01053-L1-fp1-clmp-fp2-fqscrn-repr.R1	41.0	394.0	3979.0	22094.0	79538.0	195512.0	373826.0	571604.0	759559.0	906058.0	1002264.0	1054856.0	1312634.0	7657945.0	1711897.0
	22.0	23.0	24.0	25.0	26.0	27.0	28.0	29.0	30.0	31.0	32.0	33.0	34.0	35.0	36.0	37.0
Gmi-CBat_053-GmC01053-L1-fp1-clmp-fp2-fqscrn-repr.R2	19.0	304.0	2714.0	15878.0	57357.0	144894.0	275861.0	445184.0	625096.0	813164.0	980825.0	1138005.0	1364473.0	2468327.0	7009208.0	310892.0
	23.0	24.0	25.0	26.0	27.0	28.0	29.0	30.0	31.0	32.0	33.0	34.0	35.0	36.0	37.0
Gmi-CBat_054-GmC01054-L1-fp1-clmp-fp2-fqscrn-repr.R1	6.0	91.0	771.0	4507.0	15961.0	40152.0	78641.0	122361.0	167294.0	204756.0	236174.0	263200.0	357217.0	1795285.0	346893.0
	22.0	23.0	24.0	25.0	26.0	27.0	28.0	29.0	30.0	31.0	32.0	33.0	34.0	35.0	36.0	37.0
Gmi-CBat_054-GmC01054-L1-fp1-clmp-fp2-fqscrn-repr.R2	1.0	46.0	435.0	2963.0	10709.0	27402.0	52044.0	87193.0	129996.0	180610.0	233801.0	287325.0	348711.0	590575.0	1595007.0	86491.0
	23.0	24.0	25.0	26.0	27.0	28.0	29.0	30.0	31.0	32.0	33.0	34.0	35.0	36.0	37.0
Gmi-CBat_057-GmC01057-L1-fp1-clmp-fp2-fqscrn-repr.R1	7.0	100.0	1207.0	6475.0	23232.0	57833.0	112063.0	176469.0	244894.0	306402.0	363927.0	415517.0	570833.0	2298442.0	455438.0
	22.0	23.0	24.0	25.0	26.0	27.0	28.0	29.0	30.0	31.0	32.0	33.0	34.0	35.0	36.0	37.0
Gmi-CBat_057-GmC01057-L1-fp1-clmp-fp2-fqscrn-repr.R2	3.0	75.0	771.0	4888.0	17684.0	44174.0	83787.0	140216.0	209581.0	297203.0	389773.0	482804.0	578753.0	888099.0	1804263.0	90765.0
	25.0	26.0	27.0	28.0	29.0	30.0	31.0	32.0	33.0	34.0	35.0	36.0	37.0
Gmi-CBat_058-GmC01058-L1-fp1-clmp-fp2-fqscrn-repr.R1	8.0	74.0	225.0	610.0	1128.0	1631.0	2272.0	2732.0	3057.0	3150.0	4192.0	26050.0	5180.0
	23.0	24.0	25.0	26.0	27.0	28.0	29.0	30.0	31.0	32.0	33.0	34.0	35.0	36.0	37.0
Gmi-CBat_058-GmC01058-L1-fp1-clmp-fp2-fqscrn-repr.R2	3.0	12.0	67.0	228.0	491.0	992.0	1492.0	2056.0	2567.0	3047.0	3489.0	4352.0	8331.0	22251.0	931.0
	23.0	24.0	25.0	26.0	27.0	28.0	29.0	30.0	31.0	32.0	33.0	34.0	35.0	36.0	37.0
Gmi-CBat_061-GmC01061-L1-fp1-clmp-fp2-fqscrn-repr.R1	2.0	7.0	93.0	497.0	1805.0	4398.0	8522.0	13117.0	17225.0	21083.0	23596.0	25351.0	33381.0	182345.0	38249.0
	22.0	23.0	24.0	25.0	26.0	27.0	28.0	29.0	30.0	31.0	32.0	33.0	34.0	35.0	36.0	37.0
Gmi-CBat_061-GmC01061-L1-fp1-clmp-fp2-fqscrn-repr.R2	1.0	7.0	101.0	472.0	1665.0	4095.0	7505.0	11986.0	16246.0	20721.0	24580.0	28671.0	34875.0	63590.0	149634.0	5522.0
	24.0	25.0	26.0	27.0	28.0	29.0	30.0	31.0	32.0	33.0	34.0	35.0	36.0	37.0
Gmi-CBat_062-GmC01062-L1-fp1-clmp-fp2-fqscrn-repr.R1	4.0	15.0	72.0	234.0	509.0	907.0	1295.0	1690.0	2155.0	2491.0	3132.0	4729.0	28357.0	4097.0
	23.0	24.0	25.0	26.0	27.0	28.0	29.0	30.0	31.0	32.0	33.0	34.0	35.0	36.0	37.0
Gmi-CBat_062-GmC01062-L1-fp1-clmp-fp2-fqscrn-repr.R2	2.0	9.0	79.0	214.0	436.0	630.0	1011.0	1350.0	1731.0	2234.0	2893.0	4079.0	8671.0	25081.0	1267.0
	24.0	25.0	26.0	27.0	28.0	29.0	30.0	31.0	32.0	33.0	34.0	35.0	36.0	37.0
Gmi-CBat_068-GmC01068-L1-fp1-clmp-fp2-fqscrn-repr.R1	8.0	72.0	464.0	1721.0	4367.0	8411.0	12666.0	16624.0	20012.0	22767.0	23807.0	29664.0	182121.0	43954.0
	23.0	24.0	25.0	26.0	27.0	28.0	29.0	30.0	31.0	32.0	33.0	34.0	35.0	36.0	37.0
Gmi-CBat_068-GmC01068-L1-fp1-clmp-fp2-fqscrn-repr.R2	4.0	71.0	404.0	1396.0	3472.0	6377.0	10078.0	13979.0	18173.0	21754.0	25306.0	30781.0	58365.0	168796.0	7702.0
	22.0	23.0	24.0	25.0	26.0	27.0	28.0	29.0	30.0	31.0	32.0	33.0	34.0	35.0	36.0	37.0
Gmi-CBat_069-GmC01069-L1-fp1-clmp-fp2-fqscrn-repr.R1	1.0	56.0	666.0	6647.0	36496.0	128873.0	316212.0	605732.0	936625.0	1276252.0	1563711.0	1815387.0	2034570.0	2707191.0	12149768.0	2602614.0
	22.0	23.0	24.0	25.0	26.0	27.0	28.0	29.0	30.0	31.0	32.0	33.0	34.0	35.0	36.0	37.0
Gmi-CBat_069-GmC01069-L1-fp1-clmp-fp2-fqscrn-repr.R2	24.0	459.0	4445.0	27367.0	97124.0	237329.0	448226.0	738551.0	1083802.0	1499435.0	1915733.0	2310682.0	2762940.0	4473843.0	10107359.0	473482.0
	24.0	25.0	26.0	27.0	28.0	29.0	30.0	31.0	32.0	33.0	34.0	35.0	36.0	37.0
Gmi-CBat_070-GmC01070-L1-fp1-clmp-fp2-fqscrn-repr.R1	1.0	16.0	72.0	214.0	541.0	970.0	1412.0	1948.0	2297.0	2525.0	2737.0	3456.0	21794.0	4632.0
	24.0	25.0	26.0	27.0	28.0	29.0	30.0	31.0	32.0	33.0	34.0	35.0	36.0	37.0
Gmi-CBat_070-GmC01070-L1-fp1-clmp-fp2-fqscrn-repr.R2	11.0	49.0	197.0	505.0	847.0	1232.0	1732.0	2144.0	2608.0	2992.0	3458.0	6978.0	19088.0	774.0
	24.0	25.0	26.0	27.0	28.0	29.0	30.0	31.0	32.0	33.0	34.0	35.0	36.0	37.0
Gmi-CBat_071-GmC01071-L1-fp1-clmp-fp2-fqscrn-repr.R1	2.0	49.0	270.0	928.0	2251.0	4365.0	6688.0	9204.0	11040.0	12532.0	13687.0	17716.0	82227.0	18888.0
	23.0	24.0	25.0	26.0	27.0	28.0	29.0	30.0	31.0	32.0	33.0	34.0	35.0	36.0	37.0
Gmi-CBat_071-GmC01071-L1-fp1-clmp-fp2-fqscrn-repr.R2	8.0	30.0	182.0	635.0	1454.0	2798.0	4506.0	6597.0	9328.0	12103.0	14747.0	17741.0	28705.0	76430.0	4583.0
	23.0	24.0	25.0	26.0	27.0	28.0	29.0	30.0	31.0	32.0	33.0	34.0	35.0	36.0	37.0
Gmi-CBat_072-GmC01072-L1-fp1-clmp-fp2-fqscrn-repr.R1	4.0	45.0	417.0	2327.0	8378.0	21029.0	39680.0	60671.0	80367.0	96282.0	107999.0	115299.0	142883.0	684043.0	175969.0
	22.0	23.0	24.0	25.0	26.0	27.0	28.0	29.0	30.0	31.0	32.0	33.0	34.0	35.0	36.0	37.0
Gmi-CBat_072-GmC01072-L1-fp1-clmp-fp2-fqscrn-repr.R2	4.0	55.0	417.0	2274.0	8095.0	19107.0	35291.0	55162.0	75333.0	94793.0	110307.0	126451.0	148500.0	249947.0	587846.0	21811.0
	23.0	24.0	25.0	26.0	27.0	28.0	29.0	30.0	31.0	32.0	33.0	34.0	35.0	36.0	37.0
Gmi-CBat_073-GmC01073-L1-fp1-clmp-fp2-fqscrn-repr.R1	10.0	124.0	1224.0	7050.0	25555.0	62936.0	120374.0	185666.0	254276.0	316608.0	376147.0	444404.0	635452.0	2337298.0	416718.0
	22.0	23.0	24.0	25.0	26.0	27.0	28.0	29.0	30.0	31.0	32.0	33.0	34.0	35.0	36.0	37.0
Gmi-CBat_073-GmC01073-L1-fp1-clmp-fp2-fqscrn-repr.R2	9.0	127.0	1174.0	7280.0	26536.0	63778.0	115508.0	182468.0	258203.0	345995.0	438136.0	531053.0	641614.0	970043.0	1540438.0	61480.0
	23.0	24.0	25.0	26.0	27.0	28.0	29.0	30.0	31.0	32.0	33.0	34.0	35.0	36.0	37.0
Gmi-CBat_074-GmC01074-L1-fp1-clmp-fp2-fqscrn-repr.R1	1.0	25.0	192.0	1158.0	4114.0	9955.0	19050.0	28367.0	37407.0	44059.0	47186.0	48543.0	60975.0	384054.0	89030.0
	22.0	23.0	24.0	25.0	26.0	27.0	28.0	29.0	30.0	31.0	32.0	33.0	34.0	35.0	36.0	37.0
Gmi-CBat_074-GmC01074-L1-fp1-clmp-fp2-fqscrn-repr.R2	1.0	11.0	128.0	834.0	2970.0	7137.0	13226.0	21191.0	28739.0	37037.0	44128.0	51750.0	61993.0	114530.0	372166.0	18275.0
	23.0	24.0	25.0	26.0	27.0	28.0	29.0	30.0	31.0	32.0	33.0	34.0	35.0	36.0	37.0
Gmi-CBat_075-GmC01075-L1-fp1-clmp-fp2-fqscrn-repr.R1	6.0	113.0	1083.0	5753.0	20613.0	51562.0	97826.0	147108.0	193969.0	228665.0	249583.0	259672.0	316879.0	1752991.0	428405.0
	22.0	23.0	24.0	25.0	26.0	27.0	28.0	29.0	30.0	31.0	32.0	33.0	34.0	35.0	36.0	37.0
Gmi-CBat_075-GmC01075-L1-fp1-clmp-fp2-fqscrn-repr.R2	6.0	82.0	712.0	4774.0	17038.0	41482.0	76021.0	118296.0	162493.0	206514.0	245530.0	281753.0	332023.0	581942.0	1614205.0	71357.0
	22.0	23.0	24.0	25.0	26.0	27.0	28.0	29.0	30.0	31.0	32.0	33.0	34.0	35.0	36.0	37.0
Gmi-CBat_077-GmC01077-L1-fp1-clmp-fp2-fqscrn-repr.R1	1.0	43.0	459.0	4692.0	25941.0	91007.0	218855.0	409456.0	611256.0	800422.0	933858.0	1024422.0	1065891.0	1322675.0	7379545.0	1640739.0
	22.0	23.0	24.0	25.0	26.0	27.0	28.0	29.0	30.0	31.0	32.0	33.0	34.0	35.0	36.0	37.0
Gmi-CBat_077-GmC01077-L1-fp1-clmp-fp2-fqscrn-repr.R2	14.0	334.0	2995.0	17870.0	64972.0	161605.0	303253.0	481514.0	666126.0	848444.0	1006249.0	1156889.0	1381599.0	2481278.0	6670329.0	285791.0
	22.0	23.0	24.0	25.0	26.0	27.0	28.0	29.0	30.0	31.0	32.0	33.0	34.0	35.0	36.0	37.0
Gmi-CBat_078-GmC01078-L1-fp1-clmp-fp2-fqscrn-repr.R1	1.0	9.0	165.0	1442.0	8334.0	28875.0	70221.0	133032.0	201105.0	265034.0	312399.0	340713.0	353928.0	444243.0	2632937.0	555016.0
	22.0	23.0	24.0	25.0	26.0	27.0	28.0	29.0	30.0	31.0	32.0	33.0	34.0	35.0	36.0	37.0
Gmi-CBat_078-GmC01078-L1-fp1-clmp-fp2-fqscrn-repr.R2	2.0	119.0	1027.0	5908.0	21172.0	52252.0	98014.0	156519.0	216394.0	278113.0	331160.0	380560.0	454236.0	837489.0	2411208.0	103281.0
	23.0	24.0	25.0	26.0	27.0	28.0	29.0	30.0	31.0	32.0	33.0	34.0	35.0	36.0	37.0
Gmi-CBat_081-GmC01081-L1-fp1-clmp-fp2-fqscrn-repr.R1	5.0	39.0	457.0	2377.0	8299.0	19648.0	36529.0	55159.0	71338.0	83666.0	91579.0	95669.0	122199.0	737959.0	168262.0
	21.0	22.0	23.0	24.0	25.0	26.0	27.0	28.0	29.0	30.0	31.0	32.0	33.0	34.0	35.0	36.0	37.0
Gmi-CBat_081-GmC01081-L1-fp1-clmp-fp2-fqscrn-repr.R2	1.0	0.0	21.0	270.0	1488.0	5465.0	13577.0	24947.0	40487.0	56394.0	72699.0	88139.0	101441.0	123326.0	232485.0	698932.0	33513.0
	24.0	25.0	26.0	27.0	28.0	29.0	30.0	31.0	32.0	33.0	34.0	35.0	36.0	37.0
Gmi-CBat_082-GmC01082-L1-fp1-clmp-fp2-fqscrn-repr.R1	1.0	0.0	9.0	27.0	55.0	106.0	162.0	206.0	221.0	251.0	286.0	384.0	2165.0	440.0
	24.0	25.0	26.0	27.0	28.0	29.0	30.0	31.0	32.0	33.0	34.0	35.0	36.0	37.0
Gmi-CBat_082-GmC01082-L1-fp1-clmp-fp2-fqscrn-repr.R2	2.0	7.0	27.0	47.0	82.0	127.0	175.0	234.0	272.0	299.0	388.0	709.0	1864.0	80.0
	23.0	24.0	25.0	26.0	27.0	28.0	29.0	30.0	31.0	32.0	33.0	34.0	35.0	36.0	37.0
Gmi-CBat_085-GmC01085-L1-fp1-clmp-fp2-fqscrn-repr.R1	1.0	17.0	201.0	1152.0	4221.0	10102.0	19308.0	29174.0	38624.0	44812.0	49246.0	51641.0	64206.0	390293.0	90638.0
	23.0	24.0	25.0	26.0	27.0	28.0	29.0	30.0	31.0	32.0	33.0	34.0	35.0	36.0	37.0
Gmi-CBat_085-GmC01085-L1-fp1-clmp-fp2-fqscrn-repr.R2	18.0	139.0	926.0	3097.0	7716.0	14174.0	22377.0	30704.0	39632.0	47559.0	54916.0	66538.0	122617.0	366472.0	16751.0
	22.0	23.0	24.0	25.0	26.0	27.0	28.0	29.0	30.0	31.0	32.0	33.0	34.0	35.0	36.0	37.0
Gmi-CBat_086-GmC01086-L1-fp1-clmp-fp2-fqscrn-repr.R1	1.0	24.0	220.0	2038.0	11169.0	40248.0	98836.0	186531.0	281349.0	370994.0	433794.0	472541.0	482703.0	582914.0	3297510.0	804820.0
	22.0	23.0	24.0	25.0	26.0	27.0	28.0	29.0	30.0	31.0	32.0	33.0	34.0	35.0	36.0	37.0
Gmi-CBat_086-GmC01086-L1-fp1-clmp-fp2-fqscrn-repr.R2	4.0	156.0	1457.0	8798.0	31994.0	77077.0	141520.0	218953.0	299302.0	380601.0	451223.0	516431.0	606071.0	1048565.0	3135143.0	148397.0
	23.0	24.0	25.0	26.0	27.0	28.0	29.0	30.0	31.0	32.0	33.0	34.0	35.0	36.0	37.0
Gmi-CBat_087-GmC01087-L1-fp1-clmp-fp2-fqscrn-repr.R1	1.0	59.0	697.0	3772.0	13835.0	33541.0	65146.0	100468.0	137083.0	166847.0	191394.0	209622.0	270809.0	1230765.0	292462.0
	22.0	23.0	24.0	25.0	26.0	27.0	28.0	29.0	30.0	31.0	32.0	33.0	34.0	35.0	36.0	37.0
Gmi-CBat_087-GmC01087-L1-fp1-clmp-fp2-fqscrn-repr.R2	3.0	61.0	433.0	3177.0	11044.0	26866.0	48628.0	77972.0	112043.0	152148.0	191208.0	227727.0	268137.0	432835.0	1103457.0	60762.0
	23.0	24.0	25.0	26.0	27.0	28.0	29.0	30.0	31.0	32.0	33.0	34.0	35.0	36.0	37.0
Gmi-CBat_089-GmC01089-L1-fp1-clmp-fp2-fqscrn-repr.R1	12.0	210.0	2033.0	11584.0	41795.0	101378.0	190224.0	287159.0	378622.0	448166.0	496517.0	520000.0	647812.0	3669992.0	868902.0
	22.0	23.0	24.0	25.0	26.0	27.0	28.0	29.0	30.0	31.0	32.0	33.0	34.0	35.0	36.0	37.0
Gmi-CBat_089-GmC01089-L1-fp1-clmp-fp2-fqscrn-repr.R2	8.0	227.0	1736.0	10364.0	37312.0	90191.0	163497.0	253272.0	341461.0	428734.0	500926.0	570809.0	687896.0	1248056.0	3201298.0	128619.0
	23.0	24.0	25.0	26.0	27.0	28.0	29.0	30.0	31.0	32.0	33.0	34.0	35.0	36.0	37.0
Gmi-CBat_090-GmC01090-L1-fp1-clmp-fp2-fqscrn-repr.R1	8.0	98.0	994.0	5423.0	19475.0	48140.0	91294.0	140123.0	189120.0	230589.0	266157.0	298534.0	398553.0	1800467.0	371111.0
	22.0	23.0	24.0	25.0	26.0	27.0	28.0	29.0	30.0	31.0	32.0	33.0	34.0	35.0	36.0	37.0
Gmi-CBat_090-GmC01090-L1-fp1-clmp-fp2-fqscrn-repr.R2	2.0	73.0	762.0	4370.0	16106.0	38889.0	72104.0	115738.0	164397.0	218525.0	271472.0	323814.0	391409.0	649632.0	1520719.0	72074.0
	23.0	24.0	25.0	26.0	27.0	28.0	29.0	30.0	31.0	32.0	33.0	34.0	35.0	36.0	37.0
Gmi-CBat_092-GmC01092-L1-fp1-clmp-fp2-fqscrn-repr.R1	14.0	112.0	1141.0	6589.0	23734.0	59349.0	113913.0	173941.0	230301.0	272886.0	301546.0	311565.0	381520.0	2277057.0	556424.0
	22.0	23.0	24.0	25.0	26.0	27.0	28.0	29.0	30.0	31.0	32.0	33.0	34.0	35.0	36.0	37.0
Gmi-CBat_092-GmC01092-L1-fp1-clmp-fp2-fqscrn-repr.R2	3.0	124.0	1066.0	6133.0	22037.0	52545.0	95527.0	147888.0	201087.0	253412.0	297993.0	336653.0	398095.0	743185.0	2068177.0	86167.0
	24.0	25.0	26.0	27.0	28.0	29.0	30.0	31.0	32.0	33.0	34.0	35.0	36.0	37.0
Gmi-CBat_093-GmC01093-L1-fp1-clmp-fp2-fqscrn-repr.R1	1.0	10.0	41.0	183.0	403.0	709.0	1108.0	1678.0	1999.0	2347.0	2932.0	4407.0	27374.0	3924.0
	22.0	23.0	24.0	25.0	26.0	27.0	28.0	29.0	30.0	31.0	32.0	33.0	34.0	35.0	36.0	37.0
Gmi-CBat_093-GmC01093-L1-fp1-clmp-fp2-fqscrn-repr.R2	1.0	1.0	9.0	35.0	121.0	293.0	531.0	902.0	1240.0	1678.0	2157.0	2722.0	4053.0	8734.0	23580.0	1059.0
	24.0	25.0	26.0	27.0	28.0	29.0	30.0	31.0	32.0	33.0	34.0	35.0	36.0	37.0
Gmi-CBat_094-GmC01094-L1-fp1-clmp-fp2-fqscrn-repr.R1	2.0	33.0	222.0	658.0	1672.0	3136.0	4815.0	6181.0	7435.0	8070.0	8610.0	10856.0	65229.0	14617.0
	23.0	24.0	25.0	26.0	27.0	28.0	29.0	30.0	31.0	32.0	33.0	34.0	35.0	36.0	37.0
Gmi-CBat_094-GmC01094-L1-fp1-clmp-fp2-fqscrn-repr.R2	4.0	20.0	145.0	547.0	1326.0	2327.0	3836.0	5306.0	6702.0	7991.0	9141.0	10788.0	20802.0	59991.0	2610.0
	23.0	24.0	25.0	26.0	27.0	28.0	29.0	30.0	31.0	32.0	33.0	34.0	35.0	36.0	37.0
Gmi-CBat_095-GmC01095-L1-fp1-clmp-fp2-fqscrn-repr.R1	1.0	2.0	43.0	220.0	831.0	2004.0	3696.0	5515.0	7128.0	8430.0	9306.0	9700.0	12290.0	68701.0	17303.0
	23.0	24.0	25.0	26.0	27.0	28.0	29.0	30.0	31.0	32.0	33.0	34.0	35.0	36.0	37.0
Gmi-CBat_095-GmC01095-L1-fp1-clmp-fp2-fqscrn-repr.R2	2.0	32.0	176.0	564.0	1516.0	2818.0	4374.0	5925.0	7553.0	9209.0	10456.0	12645.0	22172.0	64583.0	3145.0
	25.0	26.0	27.0	28.0	29.0	30.0	31.0	32.0	33.0	34.0	35.0	36.0	37.0
Gmi-CBat_096-GmC01096-L1-fp1-clmp-fp2-fqscrn-repr.R1	1.0	16.0	42.0	88.0	164.0	279.0	356.0	429.0	543.0	595.0	823.0	4016.0	898.0
	24.0	25.0	26.0	27.0	28.0	29.0	30.0	31.0	32.0	33.0	34.0	35.0	36.0	37.0
Gmi-CBat_096-GmC01096-L1-fp1-clmp-fp2-fqscrn-repr.R2	2.0	7.0	33.0	52.0	114.0	203.0	287.0	388.0	502.0	612.0	840.0	1350.0	3638.0	222.0

