Sample	FastQC_mqc-generalstats-fastqc-percent_duplicates	FastQC_mqc-generalstats-fastqc-percent_gc	FastQC_mqc-generalstats-fastqc-avg_sequence_length	FastQC_mqc-generalstats-fastqc-percent_fails	FastQC_mqc-generalstats-fastqc-total_sequences
Gmi-ABas_001-GmA02001-L1-fp1-clmp-fp2-fqscrn-repr.R1	6.665900867649938	48.0	129.82627242221645	9.090909090909092	1450403.0
Gmi-ABas_001-GmA02001-L1-fp1-clmp-fp2-fqscrn-repr.R2	7.083623799362115	48.0	130.07871398500967	9.090909090909092	1450403.0
Gmi-ABas_002-GmA02002-L1-fp1-clmp-fp2-fqscrn-repr.R1	6.6918554044706156	41.0	122.30631838441197	0.0	2900789.0
Gmi-ABas_002-GmA02002-L1-fp1-clmp-fp2-fqscrn-repr.R2	7.364137907770072	41.0	122.42536737418682	0.0	2900789.0
Gmi-ABas_004-GmA02004-L1-fp1-clmp-fp2-fqscrn-repr.R1	6.440481826735052	48.0	127.05983000088082	9.090909090909092	363296.0
Gmi-ABas_004-GmA02004-L1-fp1-clmp-fp2-fqscrn-repr.R2	6.8134192983380615	48.0	127.34204890777768	9.090909090909092	363296.0
Gmi-ABas_005-GmA02005-L1-fp1-clmp-fp2-fqscrn-repr.R1	5.803145673486114	43.0	121.7671708687301	0.0	1170893.0
Gmi-ABas_005-GmA02005-L1-fp1-clmp-fp2-fqscrn-repr.R2	6.378620208616297	43.0	122.01518840748045	0.0	1170893.0
Gmi-ABas_006-GmA02006-L1-fp1-clmp-fp2-fqscrn-repr.R1	5.893373320702153	43.0	121.05773888169631	0.0	1128477.0
Gmi-ABas_006-GmA02006-L1-fp1-clmp-fp2-fqscrn-repr.R2	6.4009935794310735	43.0	121.3271799070783	0.0	1128477.0
Gmi-ABas_007-GmA02007-L1-fp1-clmp-fp2-fqscrn-repr.R1	8.323138839135979	45.0	124.38937782190976	0.0	1809723.0
Gmi-ABas_007-GmA02007-L1-fp1-clmp-fp2-fqscrn-repr.R2	8.95259734508194	45.0	124.5348359942378	0.0	1809723.0
Gmi-ABas_008-GmA02008-L1-fp1-clmp-fp2-fqscrn-repr.R1	8.667345197533265	60.0	135.58863893441938	9.090909090909092	2212803.0
Gmi-ABas_008-GmA02008-L1-fp1-clmp-fp2-fqscrn-repr.R2	8.981661675559721	60.0	136.29824344959763	9.090909090909092	2212803.0
Gmi-ABas_017-GmA02017-L1-fp1-clmp-fp2-fqscrn-repr.R1	5.530649792164326	42.0	116.94697961057113	0.0	965157.0
Gmi-ABas_017-GmA02017-L1-fp1-clmp-fp2-fqscrn-repr.R2	5.961309099592157	43.0	117.147504499268	0.0	965157.0
Gmi-ABas_018-GmA02018-L1-fp1-clmp-fp2-fqscrn-repr.R1	13.015802063910243	40.0	117.87239538601118	0.0	10659497.0
Gmi-ABas_018-GmA02018-L1-fp1-clmp-fp2-fqscrn-repr.R2	13.959404965145993	40.0	117.95296766817421	0.0	10659497.0
Gmi-ABas_019-GmA02019-L1-fp1-clmp-fp2-fqscrn-repr.R1	7.8250409917512656	42.0	120.56163948545691	0.0	4934475.0
Gmi-ABas_019-GmA02019-L1-fp1-clmp-fp2-fqscrn-repr.R2	8.5301622290375	42.0	120.67599025225581	0.0	4934475.0
Gmi-ABas_020-GmA02020-L1-fp1-clmp-fp2-fqscrn-repr.R1	11.287665512835986	44.0	125.01021650367011	9.090909090909092	2468457.0
Gmi-ABas_020-GmA02020-L1-fp1-clmp-fp2-fqscrn-repr.R2	11.88856541351349	44.0	125.21698332196996	9.090909090909092	2468457.0
Gmi-ABas_021-GmA02021-L1-fp1-clmp-fp2-fqscrn-repr.R1	13.837464829294532	45.0	123.68204538595657	9.090909090909092	3273788.0
Gmi-ABas_021-GmA02021-L1-fp1-clmp-fp2-fqscrn-repr.R2	14.318706694929773	45.0	123.67886466686298	9.090909090909092	3273788.0
Gmi-ABas_022-GmA02022-L1-fp1-clmp-fp2-fqscrn-repr.R1	4.920308579607081	40.0	114.36245526228053	0.0	4979020.0
Gmi-ABas_022-GmA02022-L1-fp1-clmp-fp2-fqscrn-repr.R2	5.458444247221067	40.0	114.55053283577892	0.0	4979020.0
Gmi-ABas_023-GmA02023-L1-fp1-clmp-fp2-fqscrn-repr.R1	7.913506022923315	48.0	124.88182302705556	9.090909090909092	2170829.0
Gmi-ABas_023-GmA02023-L1-fp1-clmp-fp2-fqscrn-repr.R2	8.337831859123483	48.0	125.06689518151822	9.090909090909092	2170829.0
Gmi-ABas_028-GmA02028-L1-fp1-clmp-fp2-fqscrn-repr.R1	44.631332134673606	41.0	135.3878851694334	9.090909090909092	1457800.0
Gmi-ABas_028-GmA02028-L1-fp1-clmp-fp2-fqscrn-repr.R2	40.087427399206945	42.0	135.34233502538072	9.090909090909092	1457800.0
Gmi-ABas_030-GmA02030-L1-fp1-clmp-fp2-fqscrn-repr.R1	39.91516350976635	45.0	132.23399974444598	9.090909090909092	524351.0
Gmi-ABas_030-GmA02030-L1-fp1-clmp-fp2-fqscrn-repr.R2	38.549499754686856	45.0	132.32562920639037	9.090909090909092	524351.0
Gmi-ABas_033-GmA02033-L1-fp1-clmp-fp2-fqscrn-repr.R1	34.12167556996674	44.0	133.1405646205988	9.090909090909092	2728062.0
Gmi-ABas_033-GmA02033-L1-fp1-clmp-fp2-fqscrn-repr.R2	33.035805917542405	44.0	132.9589433817853	9.090909090909092	2728062.0
Gmi-ABas_034-GmA02034-L1-fp1-clmp-fp2-fqscrn-repr.R1	39.80909078025158	43.0	134.03214152134055	9.090909090909092	1585457.0
Gmi-ABas_034-GmA02034-L1-fp1-clmp-fp2-fqscrn-repr.R2	38.98287060703202	43.0	134.08298616739526	9.090909090909092	1585457.0
Gmi-ABas_035-GmA02035-L1-fp1-clmp-fp2-fqscrn-repr.R1	38.17779688489702	42.0	131.49816883063514	9.090909090909092	2798485.0
Gmi-ABas_035-GmA02035-L1-fp1-clmp-fp2-fqscrn-repr.R2	36.99757532666029	42.0	131.5478928777535	9.090909090909092	2798485.0
Gmi-ABas_044-GmA02044-L1-fp1-clmp-fp2-fqscrn-repr.R1	36.37282241509852	41.0	126.0987487755108	9.090909090909092	9018046.0
Gmi-ABas_044-GmA02044-L1-fp1-clmp-fp2-fqscrn-repr.R2	36.079186670921914	41.0	126.08001567080052	9.090909090909092	9018046.0
Gmi-ABas_045-GmA02045-L1-fp1-clmp-fp2-fqscrn-repr.R1	80.28063131938613	26.0	131.32991011441035	27.27272727272727	79092322.0
Gmi-ABas_045-GmA02045-L1-fp1-clmp-fp2-fqscrn-repr.R2	81.27264169397534	26.0	130.61104952766465	27.27272727272727	79092322.0
Gmi-ABas_047-GmA02047-L1-fp1-clmp-fp2-fqscrn-repr.R1	19.76326610064085	49.0	133.10465815100028	9.090909090909092	1374408.0
Gmi-ABas_047-GmA02047-L1-fp1-clmp-fp2-fqscrn-repr.R2	19.56106214639628	49.0	133.13040014318892	9.090909090909092	1374408.0
Gmi-ABas_049-GmA02049-L1-fp1-clmp-fp2-fqscrn-repr.R1	84.01043010543762	26.0	128.46912117076923	27.27272727272727	167056528.0
Gmi-ABas_049-GmA02049-L1-fp1-clmp-fp2-fqscrn-repr.R2	83.01787969064935	26.0	127.7736429072679	27.27272727272727	167056528.0
Gmi-ABas_054-GmA02054-L1-fp1-clmp-fp2-fqscrn-repr.R1	41.531749137837394	40.0	129.28248210030102	9.090909090909092	7655855.0
Gmi-ABas_054-GmA02054-L1-fp1-clmp-fp2-fqscrn-repr.R2	41.144804419935795	40.0	129.36602482675025	9.090909090909092	7655855.0
Gmi-ABas_055-GmA02055-L1-fp1-clmp-fp2-fqscrn-repr.R1	26.258863456817565	42.0	131.62740301122034	9.090909090909092	1059504.0
Gmi-ABas_055-GmA02055-L1-fp1-clmp-fp2-fqscrn-repr.R2	25.584198029979262	42.0	131.6541560956825	9.090909090909092	1059504.0
Gmi-ABas_058-GmA02058-L1-fp1-clmp-fp2-fqscrn-repr.R1	14.084795227101637	51.0	135.58278239737854	9.090909090909092	746457.0
Gmi-ABas_058-GmA02058-L1-fp1-clmp-fp2-fqscrn-repr.R2	13.98971651139675	51.0	135.68861970615856	9.090909090909092	746457.0
Gmi-ABas_059-GmA02059-L1-fp1-clmp-fp2-fqscrn-repr.R1	31.08276365074569	48.0	134.32700467608012	9.090909090909092	1196515.0
Gmi-ABas_059-GmA02059-L1-fp1-clmp-fp2-fqscrn-repr.R2	27.916621583015484	48.0	134.423596862555	9.090909090909092	1196515.0
Gmi-ABas_060-GmA02060-L1-fp1-clmp-fp2-fqscrn-repr.R1	40.82745152057527	42.0	134.71593579015303	9.090909090909092	2297903.0
Gmi-ABas_060-GmA02060-L1-fp1-clmp-fp2-fqscrn-repr.R2	40.12801665873511	42.0	134.74019355908408	9.090909090909092	2297903.0
Gmi-AHam_001-GmA01001-L1-fp1-clmp-fp2-fqscrn-repr.R1	12.689141215207712	47.0	130.96684309859944	0.0	1284348.0
Gmi-AHam_001-GmA01001-L1-fp1-clmp-fp2-fqscrn-repr.R2	12.809707678202003	47.0	130.84795008829383	0.0	1284348.0
Gmi-AHam_002-GmA01002-L1-fp1-clmp-fp2-fqscrn-repr.R1	13.762959576020663	47.0	129.24273287310777	0.0	1195211.0
Gmi-AHam_002-GmA01002-L1-fp1-clmp-fp2-fqscrn-repr.R2	14.197440378544428	47.0	129.3135295776227	0.0	1195211.0
Gmi-AHam_003-GmA01003-L1-fp1-clmp-fp2-fqscrn-repr.R1	13.660339937682693	48.0	129.29895016220203	0.0	1474704.0
Gmi-AHam_003-GmA01003-L1-fp1-clmp-fp2-fqscrn-repr.R2	14.294530772310125	48.0	129.42143847172042	0.0	1474704.0
Gmi-AHam_004-GmA01004-L1-fp1-clmp-fp2-fqscrn-repr.R1	7.568657967276977	43.0	125.12154012558976	0.0	5120959.0
Gmi-AHam_004-GmA01004-L1-fp1-clmp-fp2-fqscrn-repr.R2	8.319005633527013	43.0	125.2598056340619	0.0	5120959.0
Gmi-AHam_010-GmA01010-L1-fp1-clmp-fp2-fqscrn-repr.R1	13.398498731817853	48.0	128.0261265316609	0.0	2856866.0
Gmi-AHam_010-GmA01010-L1-fp1-clmp-fp2-fqscrn-repr.R2	14.015762887880541	48.0	128.37144304283086	0.0	2856866.0
Gmi-AHam_011-GmA01011-L1-fp1-clmp-fp2-fqscrn-repr.R1	9.29477784891995	44.0	121.45921485399691	0.0	4911163.0
Gmi-AHam_011-GmA01011-L1-fp1-clmp-fp2-fqscrn-repr.R2	10.118304157954697	45.0	121.65186250181475	0.0	4911163.0
Gmi-AHam_013-GmA01013-L1-fp1-clmp-fp2-fqscrn-repr.R1	11.858210922954186	47.0	125.26058089559794	0.0	2883995.0
Gmi-AHam_013-GmA01013-L1-fp1-clmp-fp2-fqscrn-repr.R2	12.347132739078674	47.0	125.3611871726546	0.0	2883995.0
Gmi-AHam_014-GmA01014-L1-fp1-clmp-fp2-fqscrn-repr.R1	6.042926989190676	41.0	117.40996746434071	0.0	5287122.0
Gmi-AHam_014-GmA01014-L1-fp1-clmp-fp2-fqscrn-repr.R2	6.639869310947091	41.0	117.49189577997254	0.0	5287122.0
Gmi-AHam_015-GmA01015-L1-fp1-clmp-fp2-fqscrn-repr.R1	50.78063052811921	36.0	130.48007499688313	18.181818181818183	2085420.0
Gmi-AHam_015-GmA01015-L1-fp1-clmp-fp2-fqscrn-repr.R2	50.46949400898737	36.0	130.267986304917	18.181818181818183	2085420.0
Gmi-AHam_016-GmA01016-L1-fp1-clmp-fp2-fqscrn-repr.R1	25.40308092619709	39.0	127.67694929252804	9.090909090909092	9754026.0
Gmi-AHam_016-GmA01016-L1-fp1-clmp-fp2-fqscrn-repr.R2	26.235588943349	39.0	127.42360856942558	9.090909090909092	9754026.0
Gmi-AHam_017-GmA01017-L1-fp1-clmp-fp2-fqscrn-repr.R1	8.483194834431458	45.0	128.81912586632103	0.0	4636705.0
Gmi-AHam_017-GmA01017-L1-fp1-clmp-fp2-fqscrn-repr.R2	8.925045950808169	46.0	128.90515484595204	0.0	4636705.0
Gmi-AHam_018-GmA01018-L1-fp1-clmp-fp2-fqscrn-repr.R1	6.984750816714467	44.0	125.1402704660515	0.0	2973534.0
Gmi-AHam_018-GmA01018-L1-fp1-clmp-fp2-fqscrn-repr.R2	7.576058278133033	44.0	125.2557334135073	0.0	2973534.0
Gmi-AHam_026-GmA01026-L1-fp1-clmp-fp2-fqscrn-repr.R1	7.6082775166199355	45.0	127.32122991606809	0.0	3513443.0
Gmi-AHam_026-GmA01026-L1-fp1-clmp-fp2-fqscrn-repr.R2	8.165378956599682	45.0	127.39266497279165	0.0	3513443.0
Gmi-AHam_027-GmA01027-L1-fp1-clmp-fp2-fqscrn-repr.R1	9.191245142445666	45.0	129.03746601687166	0.0	2944108.0
Gmi-AHam_027-GmA01027-L1-fp1-clmp-fp2-fqscrn-repr.R2	9.685212617661605	46.0	129.15153656047943	0.0	2944108.0
Gmi-AHam_028-GmA01028-L1-fp1-clmp-fp2-fqscrn-repr.R1	5.887570291712223	43.0	125.84063244367196	0.0	4044123.0
Gmi-AHam_028-GmA01028-L1-fp1-clmp-fp2-fqscrn-repr.R2	6.393760275187461	44.0	125.90951511613272	0.0	4044123.0
Gmi-AHam_029-GmA01029-L1-fp1-clmp-fp2-fqscrn-repr.R1	9.055212853974751	49.0	126.01688951492888	0.0	2801383.0
Gmi-AHam_029-GmA01029-L1-fp1-clmp-fp2-fqscrn-repr.R2	9.401036522524763	49.0	126.17220101642653	0.0	2801383.0
Gmi-AHam_030-GmA01030-L1-fp1-clmp-fp2-fqscrn-repr.R1	5.968222039189229	43.0	125.88737176366614	0.0	2894363.0
Gmi-AHam_030-GmA01030-L1-fp1-clmp-fp2-fqscrn-repr.R2	6.4042235750305565	43.0	125.98715641403652	0.0	2894363.0
Gmi-AHam_031-GmA01031-L1-fp1-clmp-fp2-fqscrn-repr.R1	19.44860303700021	40.0	122.96302112199027	9.090909090909092	14095452.0
Gmi-AHam_031-GmA01031-L1-fp1-clmp-fp2-fqscrn-repr.R2	20.64913565855487	40.0	122.82541233867491	9.090909090909092	14095452.0
Gmi-AHam_032-GmA01032-L1-fp1-clmp-fp2-fqscrn-repr.R1	6.000417480464975	43.0	121.75488550479227	0.0	4859068.0
Gmi-AHam_032-GmA01032-L1-fp1-clmp-fp2-fqscrn-repr.R2	6.48954488558978	43.0	121.87777573806335	0.0	4859068.0
Gmi-AHam_033-GmA01033-L1-fp1-clmp-fp2-fqscrn-repr.R1	32.301226435223484	39.0	131.2036197861775	9.090909090909092	9649686.0
Gmi-AHam_033-GmA01033-L1-fp1-clmp-fp2-fqscrn-repr.R2	34.033173578290814	39.0	130.9486158409714	9.090909090909092	9649686.0
Gmi-AHam_035-GmA01035-L1-fp1-clmp-fp2-fqscrn-repr.R1	9.328362116931345	42.0	119.94482533681067	0.0	7667958.0
Gmi-AHam_035-GmA01035-L1-fp1-clmp-fp2-fqscrn-repr.R2	9.812920952349586	42.0	119.89728738733311	0.0	7667958.0
Gmi-AHam_037-GmA01037-L1-fp1-clmp-fp2-fqscrn-repr.R1	10.916668588706742	43.0	123.75906940069117	0.0	13087910.0
Gmi-AHam_037-GmA01037-L1-fp1-clmp-fp2-fqscrn-repr.R2	11.863492301017246	43.0	123.85538584846626	0.0	13087910.0
Gmi-AHam_039-GmA01039-L1-fp1-clmp-fp2-fqscrn-repr.R1	9.858810836039993	43.0	128.1469232884649	0.0	7356247.0
Gmi-AHam_039-GmA01039-L1-fp1-clmp-fp2-fqscrn-repr.R2	11.014038536827911	43.0	128.2223197508186	0.0	7356247.0
Gmi-AHam_041-GmA01041-L1-fp1-clmp-fp2-fqscrn-repr.R1	48.880404031486165	40.0	130.8368811218567	9.090909090909092	7825955.0
Gmi-AHam_041-GmA01041-L1-fp1-clmp-fp2-fqscrn-repr.R2	47.54189838426076	40.0	130.33525493054842	9.090909090909092	7825955.0
Gmi-AHam_042-GmA01042-L1-fp1-clmp-fp2-fqscrn-repr.R1	5.300443582275776	43.0	120.03333126635818	0.0	3870390.0
Gmi-AHam_042-GmA01042-L1-fp1-clmp-fp2-fqscrn-repr.R2	5.732483189407674	43.0	120.1028379568984	0.0	3870390.0
Gmi-AHam_055-GmA01055-L1-fp1-clmp-fp2-fqscrn-repr.R1	47.550082035165666	32.0	132.9108836984987	9.090909090909092	8899438.0
Gmi-AHam_055-GmA01055-L1-fp1-clmp-fp2-fqscrn-repr.R2	47.60565876146568	32.0	132.38554243537627	9.090909090909092	8899438.0
Gmi-AHam_060-GmA01060-L1-fp1-clmp-fp2-fqscrn-repr.R1	35.815129172887566	39.0	127.68501059729378	9.090909090909092	13353881.0
Gmi-AHam_060-GmA01060-L1-fp1-clmp-fp2-fqscrn-repr.R2	36.909021548244525	39.0	127.51928843757106	9.090909090909092	13353881.0
Gmi-AHam_065-GmA01065-L1-fp1-clmp-fp2-fqscrn-repr.R1	40.689674907559805	32.0	129.65040606388283	9.090909090909092	23696764.0
Gmi-AHam_065-GmA01065-L1-fp1-clmp-fp2-fqscrn-repr.R2	43.05344804820762	32.0	129.30913579592556	9.090909090909092	23696764.0
Gmi-AHam_074-GmA01074-L1-fp1-clmp-fp2-fqscrn-repr.R1	83.78554397386186	29.0	136.3737123305616	27.27272727272727	6412360.0
Gmi-AHam_074-GmA01074-L1-fp1-clmp-fp2-fqscrn-repr.R2	78.56140093893586	29.0	135.13701211410464	27.27272727272727	6412360.0
Gmi-AHam_078-GmA01078-L1-fp1-clmp-fp2-fqscrn-repr.R1	36.85370693793028	39.0	131.77689110892655	9.090909090909092	23225632.0
Gmi-AHam_078-GmA01078-L1-fp1-clmp-fp2-fqscrn-repr.R2	38.57308763745097	39.0	131.27434896066552	9.090909090909092	23225632.0
Gmi-AHam_079-GmA01079-L1-fp1-clmp-fp2-fqscrn-repr.R1	35.819538660653734	39.0	132.05164450382534	9.090909090909092	16461713.0
Gmi-AHam_079-GmA01079-L1-fp1-clmp-fp2-fqscrn-repr.R2	37.22048024287259	39.0	131.60350165259229	9.090909090909092	16461713.0
Gmi-AHam_083-GmA01083-L1-fp1-clmp-fp2-fqscrn-repr.R1	37.470873978814915	39.0	130.42902639305157	9.090909090909092	13666059.0
Gmi-AHam_083-GmA01083-L1-fp1-clmp-fp2-fqscrn-repr.R2	38.50139430469704	39.0	130.0468245453938	9.090909090909092	13666059.0
Gmi-AHam_089-GmA01089-L1-fp1-clmp-fp2-fqscrn-repr.R1	59.32782210388412	31.0	131.70855885819128	18.181818181818183	8263871.0
Gmi-AHam_089-GmA01089-L1-fp1-clmp-fp2-fqscrn-repr.R2	59.81291396134948	31.0	131.18465111568173	18.181818181818183	8263871.0
Gmi-CBas_001-GmC02001-L1-fp1-clmp-fp2-fqscrn-repr.R1	30.832158037178715	48.0	143.02739443720696	0.0	407601.0
Gmi-CBas_001-GmC02001-L1-fp1-clmp-fp2-fqscrn-repr.R2	31.442765483637743	48.0	142.83141601713442	0.0	407601.0
Gmi-CBas_002-GmC02002-L1-fp1-clmp-fp2-fqscrn-repr.R1	26.389228516808316	47.0	142.7627435381305	0.0	374582.0
Gmi-CBas_002-GmC02002-L1-fp1-clmp-fp2-fqscrn-repr.R2	26.781736377315923	47.0	142.51712842581864	0.0	374582.0
Gmi-CBas_006-GmC02006-L1-fp1-clmp-fp2-fqscrn-repr.R1	32.48687664041995	51.0	141.8443569553806	9.090909090909092	15240.0
Gmi-CBas_006-GmC02006-L1-fp1-clmp-fp2-fqscrn-repr.R2	28.41863517060368	51.0	141.7251968503937	18.181818181818183	15240.0
Gmi-CBas_007-GmC02007-L1-fp1-clmp-fp2-fqscrn-repr.R1	7.762557077625573	47.0	143.95694716242662	9.090909090909092	1533.0
Gmi-CBas_007-GmC02007-L1-fp1-clmp-fp2-fqscrn-repr.R2	6.392694063926939	47.0	143.33137638617092	9.090909090909092	1533.0
Gmi-CBas_008-GmC02008-L1-fp1-clmp-fp2-fqscrn-repr.R1	25.374400958466452	48.0	142.47693690095846	9.090909090909092	20032.0
Gmi-CBas_008-GmC02008-L1-fp1-clmp-fp2-fqscrn-repr.R2	22.119608626198087	49.0	141.7599840255591	9.090909090909092	20032.0
Gmi-CBas_011-GmC02011-L1-fp1-clmp-fp2-fqscrn-repr.R1	23.26502216097049	47.0	143.5073812322032	0.0	6525401.0
Gmi-CBas_011-GmC02011-L1-fp1-clmp-fp2-fqscrn-repr.R2	25.52291289567293	47.0	143.10379178229812	0.0	6525401.0
Gmi-CBas_012-GmC02012-L1-fp1-clmp-fp2-fqscrn-repr.R1	27.77070604209098	49.0	142.63845044127632	9.090909090909092	23568.0
Gmi-CBas_012-GmC02012-L1-fp1-clmp-fp2-fqscrn-repr.R2	24.792090970807877	49.0	142.36617447386286	9.090909090909092	23568.0
Gmi-CBas_013-GmC02013-L1-fp1-clmp-fp2-fqscrn-repr.R1	28.000174162929426	48.0	143.31932773109244	9.090909090909092	114835.0
Gmi-CBas_013-GmC02013-L1-fp1-clmp-fp2-fqscrn-repr.R2	25.906735751295344	48.0	143.05267557800323	9.090909090909092	114835.0
Gmi-CBas_014-GmC02014-L1-fp1-clmp-fp2-fqscrn-repr.R1	29.48620690983219	47.0	142.3697066863172	0.0	200843.0
Gmi-CBas_014-GmC02014-L1-fp1-clmp-fp2-fqscrn-repr.R2	29.363587747546987	47.0	142.23175316042878	0.0	200843.0
Gmi-CBas_015-GmC02015-L1-fp1-clmp-fp2-fqscrn-repr.R1	26.655761667768758	47.0	142.85506212369054	9.090909090909092	57466.0
Gmi-CBas_015-GmC02015-L1-fp1-clmp-fp2-fqscrn-repr.R2	24.45446002853862	48.0	142.61434587408206	9.090909090909092	57466.0
Gmi-CBas_016-GmC02016-L1-fp1-clmp-fp2-fqscrn-repr.R1	17.53079346892008	48.0	143.82115917120214	18.181818181818183	10473.0
Gmi-CBas_016-GmC02016-L1-fp1-clmp-fp2-fqscrn-repr.R2	16.327699799484378	48.0	143.41506731595533	9.090909090909092	10473.0
Gmi-CBas_017-GmC02017-L1-fp1-clmp-fp2-fqscrn-repr.R1	28.410606417196206	48.0	142.9337360424675	9.090909090909092	76482.0
Gmi-CBas_017-GmC02017-L1-fp1-clmp-fp2-fqscrn-repr.R2	26.564420386496167	48.0	142.54432415470308	9.090909090909092	76482.0
Gmi-CBas_018-GmC02018-L1-fp1-clmp-fp2-fqscrn-repr.R1	28.189985571457996	48.0	143.61506815983978	0.0	4985267.0
Gmi-CBas_018-GmC02018-L1-fp1-clmp-fp2-fqscrn-repr.R2	29.862000281521446	49.0	143.1482781162975	0.0	4985267.0
Gmi-CBas_019-GmC02019-L1-fp1-clmp-fp2-fqscrn-repr.R1	28.220214330741754	47.0	142.91653241810837	9.090909090909092	42831.0
Gmi-CBas_019-GmC02019-L1-fp1-clmp-fp2-fqscrn-repr.R2	25.913473885736977	48.0	142.42852139805282	9.090909090909092	42831.0
Gmi-CBas_020-GmC02020-L1-fp1-clmp-fp2-fqscrn-repr.R1	30.82671421939483	50.0	142.75942951688904	9.090909090909092	1550265.0
Gmi-CBas_020-GmC02020-L1-fp1-clmp-fp2-fqscrn-repr.R2	31.452122020920996	50.0	142.65717667624568	0.0	1550265.0
Gmi-CBas_021-GmC02021-L1-fp1-clmp-fp2-fqscrn-repr.R1	11.538461538461547	47.0	142.51923076923077	18.181818181818183	156.0
Gmi-CBas_021-GmC02021-L1-fp1-clmp-fp2-fqscrn-repr.R2	8.333333333333343	47.0	141.83333333333334	36.36363636363637	156.0
Gmi-CBas_022-GmC02022-L1-fp1-clmp-fp2-fqscrn-repr.R1	32.40179455726647	48.0	142.90674803062603	9.090909090909092	3692544.0
Gmi-CBas_022-GmC02022-L1-fp1-clmp-fp2-fqscrn-repr.R2	34.27088770545964	49.0	142.446774093958	0.0	3692544.0
Gmi-CBas_023-GmC02023-L1-fp1-clmp-fp2-fqscrn-repr.R1	25.994387506100537	49.0	142.5613103953148	18.181818181818183	16392.0
Gmi-CBas_023-GmC02023-L1-fp1-clmp-fp2-fqscrn-repr.R2	23.395558809175213	50.0	142.21223767691558	18.181818181818183	16392.0
Gmi-CBas_024-GmC02024-L1-fp1-clmp-fp2-fqscrn-repr.R1	6.422018348623851	48.0	140.21100917431193	27.27272727272727	109.0
Gmi-CBas_024-GmC02024-L1-fp1-clmp-fp2-fqscrn-repr.R2	6.422018348623851	48.0	140.45871559633028	36.36363636363637	109.0
Gmi-CBas_025-GmC02025-L1-fp1-clmp-fp2-fqscrn-repr.R1	28.78541589342896	48.0	143.315020429287	0.0	3033635.0
Gmi-CBas_025-GmC02025-L1-fp1-clmp-fp2-fqscrn-repr.R2	29.833032188805575	48.0	142.90299722939642	9.090909090909092	3033635.0
Gmi-CBas_026-GmC02026-L1-fp1-clmp-fp2-fqscrn-repr.R1	24.616771866546443	47.0	142.89253217476843	9.090909090909092	12199.0
Gmi-CBas_026-GmC02026-L1-fp1-clmp-fp2-fqscrn-repr.R2	22.03459299942618	48.0	142.84908599065497	9.090909090909092	12199.0
Gmi-CBas_027-GmC02027-L1-fp1-clmp-fp2-fqscrn-repr.R1	29.09774043730104	49.0	141.9436935761624	9.090909090909092	19163.0
Gmi-CBas_027-GmC02027-L1-fp1-clmp-fp2-fqscrn-repr.R2	27.333924750821893	49.0	142.24662109273078	9.090909090909092	19163.0
Gmi-CBas_029-GmC02029-L1-fp1-clmp-fp2-fqscrn-repr.R1	23.764441591784333	47.0	143.0181322207959	9.090909090909092	18696.0
Gmi-CBas_029-GmC02029-L1-fp1-clmp-fp2-fqscrn-repr.R2	22.074240479246896	47.0	142.79305733846812	9.090909090909092	18696.0
Gmi-CBas_031-GmC02031-L1-fp1-clmp-fp2-fqscrn-repr.R1	31.0785628056518	48.0	143.56848085617045	0.0	884123.0
Gmi-CBas_031-GmC02031-L1-fp1-clmp-fp2-fqscrn-repr.R2	30.74807553601495	49.0	143.11688645131954	0.0	884123.0
Gmi-CBas_033-GmC02033-L1-fp1-clmp-fp2-fqscrn-repr.R1	25.111378856230218	48.0	143.1101459833562	9.090909090909092	35689.0
Gmi-CBas_033-GmC02033-L1-fp1-clmp-fp2-fqscrn-repr.R2	22.505533918013953	48.0	142.83944632800024	9.090909090909092	35689.0
Gmi-CBas_034-GmC02034-L1-fp1-clmp-fp2-fqscrn-repr.R1	35.3572782614294	50.0	143.25821750731438	18.181818181818183	139793.0
Gmi-CBas_034-GmC02034-L1-fp1-clmp-fp2-fqscrn-repr.R2	32.63181990514546	50.0	143.033420843676	18.181818181818183	139793.0
Gmi-CBas_035-GmC02035-L1-fp1-clmp-fp2-fqscrn-repr.R1	22.888901785529626	47.0	143.5298970995313	0.0	5457118.0
Gmi-CBas_035-GmC02035-L1-fp1-clmp-fp2-fqscrn-repr.R2	24.602624053786343	47.0	143.22223690233562	0.0	5457118.0
Gmi-CBas_036-GmC02036-L1-fp1-clmp-fp2-fqscrn-repr.R1	32.12188701535544	49.0	142.7685990802817	0.0	384683.0
Gmi-CBas_036-GmC02036-L1-fp1-clmp-fp2-fqscrn-repr.R2	32.13048300595334	49.0	142.7113311479842	0.0	384683.0
Gmi-CBas_038-GmC02038-L1-fp1-clmp-fp2-fqscrn-repr.R1	37.49418620557577	51.0	141.74616289568002	18.181818181818183	73102.0
Gmi-CBas_038-GmC02038-L1-fp1-clmp-fp2-fqscrn-repr.R2	33.97034280867828	51.0	141.68526168914667	9.090909090909092	73102.0
Gmi-CBas_039-GmC02039-L1-fp1-clmp-fp2-fqscrn-repr.R1	28.834951456310677	48.0	143.56523732470333	9.090909090909092	37080.0
Gmi-CBas_039-GmC02039-L1-fp1-clmp-fp2-fqscrn-repr.R2	26.682847896440137	48.0	143.2017529665588	9.090909090909092	37080.0
Gmi-CBas_041-GmC02041-L1-fp1-clmp-fp2-fqscrn-repr.R1	23.93710973455731	49.0	142.78068015025997	9.090909090909092	40197.0
Gmi-CBas_041-GmC02041-L1-fp1-clmp-fp2-fqscrn-repr.R2	22.446948777271942	49.0	142.68925541707094	9.090909090909092	40197.0
Gmi-CBas_043-GmC02043-L1-fp1-clmp-fp2-fqscrn-repr.R1	24.005566508175818	48.0	142.97321117940393	9.090909090909092	8623.0
Gmi-CBas_043-GmC02043-L1-fp1-clmp-fp2-fqscrn-repr.R2	22.671923924388267	48.0	142.7885886582396	9.090909090909092	8623.0
Gmi-CBas_044-GmC02044-L1-fp1-clmp-fp2-fqscrn-repr.R1	32.573698808019685	48.0	142.98006609472506	0.0	6095494.0
Gmi-CBas_044-GmC02044-L1-fp1-clmp-fp2-fqscrn-repr.R2	34.395162488314526	49.0	142.63382869378594	0.0	6095494.0
Gmi-CBas_048-GmC02048-L1-fp1-clmp-fp2-fqscrn-repr.R1	33.23963457484189	50.0	142.5683870799823	18.181818181818183	38421.0
Gmi-CBas_048-GmC02048-L1-fp1-clmp-fp2-fqscrn-repr.R2	29.780588740532522	50.0	142.28520860987481	18.181818181818183	38421.0
Gmi-CBas_049-GmC02049-L1-fp1-clmp-fp2-fqscrn-repr.R1	43.68172457044891	51.0	143.28851571087014	9.090909090909092	441255.0
Gmi-CBas_049-GmC02049-L1-fp1-clmp-fp2-fqscrn-repr.R2	43.43679284949883	51.0	143.3588877179862	9.090909090909092	441255.0
Gmi-CBas_050-GmC02050-L1-fp1-clmp-fp2-fqscrn-repr.R1	32.94482296637412	48.0	143.24865262646443	0.0	423973.0
Gmi-CBas_050-GmC02050-L1-fp1-clmp-fp2-fqscrn-repr.R2	32.97548001459232	48.0	141.59809940727357	0.0	423973.0
Gmi-CBas_051-GmC02052-L1-fp1-clmp-fp2-fqscrn-repr.R1	31.290975550603193	50.0	143.06447413691285	0.0	3505266.0
Gmi-CBas_051-GmC02052-L1-fp1-clmp-fp2-fqscrn-repr.R2	32.56373041884123	50.0	142.9451904648606	9.090909090909092	3505266.0
Gmi-CBas_054-GmC02054-L1-fp1-clmp-fp2-fqscrn-repr.R1	24.203334523020445	48.0	142.18859939835824	9.090909090909092	19613.0
Gmi-CBas_054-GmC02054-L1-fp1-clmp-fp2-fqscrn-repr.R2	21.888543313108656	48.0	142.63253964207414	9.090909090909092	19613.0
Gmi-CBas_056-GmC02056-L1-fp1-clmp-fp2-fqscrn-repr.R1	37.347405651148335	50.0	143.0902519690738	9.090909090909092	4145350.0
Gmi-CBas_056-GmC02056-L1-fp1-clmp-fp2-fqscrn-repr.R2	38.67460103055003	50.0	142.68221211719154	9.090909090909092	4145350.0
Gmi-CBas_057-GmC02057-L1-fp1-clmp-fp2-fqscrn-repr.R1	9.630963096309628	48.0	143.64896489648964	9.090909090909092	1111.0
Gmi-CBas_057-GmC02057-L1-fp1-clmp-fp2-fqscrn-repr.R2	8.280828082808284	48.0	143.45364536453644	9.090909090909092	1111.0
Gmi-CBas_059-GmC02059-L1-fp1-clmp-fp2-fqscrn-repr.R1	35.69542621167777	50.0	143.12883397896192	9.090909090909092	3483685.0
Gmi-CBas_059-GmC02059-L1-fp1-clmp-fp2-fqscrn-repr.R2	36.04249726727503	50.0	142.71556326131667	9.090909090909092	3483685.0
Gmi-CBas_063-GmC02063-L1-fp1-clmp-fp2-fqscrn-repr.R1	31.513871635407625	50.0	142.91866255586132	0.0	3104339.0
Gmi-CBas_063-GmC02063-L1-fp1-clmp-fp2-fqscrn-repr.R2	32.53729265079899	50.0	142.56452565264297	0.0	3104339.0
Gmi-CBas_064-GmC02064-L1-fp1-clmp-fp2-fqscrn-repr.R1	24.755700325732903	51.0	142.2889716147045	9.090909090909092	2149.0
Gmi-CBas_064-GmC02064-L1-fp1-clmp-fp2-fqscrn-repr.R2	22.056770590972548	52.0	143.05677059097255	27.27272727272727	2149.0
Gmi-CBas_066-GmC02066-L1-fp1-clmp-fp2-fqscrn-repr.R1	26.330275229357795	49.0	143.44720600500418	18.181818181818183	11990.0
Gmi-CBas_066-GmC02066-L1-fp1-clmp-fp2-fqscrn-repr.R2	24.028356964136776	49.0	143.29599666388657	18.181818181818183	11990.0
Gmi-CBas_068-GmC02068-L1-fp1-clmp-fp2-fqscrn-repr.R1	44.026801224253454	51.0	141.94965671271405	18.181818181818183	60445.0
Gmi-CBas_068-GmC02068-L1-fp1-clmp-fp2-fqscrn-repr.R2	40.51782612292166	51.0	141.88270328397718	27.27272727272727	60445.0
Gmi-CBas_069-GmC02069-L1-fp1-clmp-fp2-fqscrn-repr.R1	27.05154429607795	48.0	144.4208667369678	9.090909090909092	78709.0
Gmi-CBas_069-GmC02069-L1-fp1-clmp-fp2-fqscrn-repr.R2	24.894230647067033	48.0	144.16965023059626	9.090909090909092	78709.0
Gmi-CBas_072-GmC02072-L1-fp1-clmp-fp2-fqscrn-repr.R1	28.777568682212447	48.0	142.42037676391885	9.090909090909092	3584632.0
Gmi-CBas_072-GmC02072-L1-fp1-clmp-fp2-fqscrn-repr.R2	31.514701482281495	48.0	142.74808460115293	9.090909090909092	3584632.0
Gmi-CBas_075-GmC02075-L1-fp1-clmp-fp2-fqscrn-repr.R1	17.343586680603252	47.0	143.88927878154396	9.090909090909092	13394.0
Gmi-CBas_075-GmC02075-L1-fp1-clmp-fp2-fqscrn-repr.R2	15.521875466626838	48.0	143.52799761087053	9.090909090909092	13394.0
Gmi-CBas_077-GmC02077-L1-fp1-clmp-fp2-fqscrn-repr.R1	27.367684272869212	48.0	142.64270715554838	9.090909090909092	18573.0
Gmi-CBas_077-GmC02077-L1-fp1-clmp-fp2-fqscrn-repr.R2	25.29478274915199	48.0	142.31136596134172	9.090909090909092	18573.0
Gmi-CBas_080-GmC02080-L1-fp1-clmp-fp2-fqscrn-repr.R1	12.218791354212613	47.0	141.83722981914426	9.090909090909092	2267.0
Gmi-CBas_080-GmC02080-L1-fp1-clmp-fp2-fqscrn-repr.R2	10.586678429642703	47.0	141.303925893251	9.090909090909092	2267.0
Gmi-CBas_082-GmC02082-L1-fp1-clmp-fp2-fqscrn-repr.R1	36.43973533505793	48.0	143.09160595068474	0.0	160721.0
Gmi-CBas_082-GmC02082-L1-fp1-clmp-fp2-fqscrn-repr.R2	34.75034518358511	48.0	142.65908002065692	0.0	160721.0
Gmi-CBas_083-GmC02083-L1-fp1-clmp-fp2-fqscrn-repr.R1	27.030735849297855	47.0	143.099781957351	0.0	3616265.0
Gmi-CBas_083-GmC02083-L1-fp1-clmp-fp2-fqscrn-repr.R2	28.567506471820437	47.0	142.62681274740652	0.0	3616265.0
Gmi-CBas_086-GmC02086-L1-fp1-clmp-fp2-fqscrn-repr.R1	37.433167620954336	49.0	143.24893333621492	9.090909090909092	5274858.0
Gmi-CBas_086-GmC02086-L1-fp1-clmp-fp2-fqscrn-repr.R2	37.10373580130929	49.0	142.33061515589614	9.090909090909092	5274858.0
Gmi-CBas_087-GmC02087-L1-fp1-clmp-fp2-fqscrn-repr.R1	25.919841613527666	48.0	142.97661984954303	0.0	5842734.0
Gmi-CBas_087-GmC02087-L1-fp1-clmp-fp2-fqscrn-repr.R2	27.931281415237535	48.0	142.71900517805534	0.0	5842734.0
Gmi-CBas_092-GmC02092-L1-fp1-clmp-fp2-fqscrn-repr.R1	31.05956998408179	48.0	142.88288904333788	9.090909090909092	89206.0
Gmi-CBas_092-GmC02092-L1-fp1-clmp-fp2-fqscrn-repr.R2	28.59112615743335	48.0	142.66196219985204	9.090909090909092	89206.0
Gmi-CBas_095-GmC02095-L1-fp1-clmp-fp2-fqscrn-repr.R1	40.04139200377408	48.0	142.85488355573597	0.0	197090.0
Gmi-CBas_095-GmC02095-L1-fp1-clmp-fp2-fqscrn-repr.R2	38.00523616671008	48.0	142.2433152366939	0.0	197090.0
Gmi-CBat_002-GmC01002-L1-fp1-clmp-fp2-fqscrn-repr.R1	39.17461343677604	48.0	143.01872743925435	9.090909090909092	92805.0
Gmi-CBat_002-GmC01002-L1-fp1-clmp-fp2-fqscrn-repr.R2	35.843973923818766	48.0	142.5763051559722	9.090909090909092	92805.0
Gmi-CBat_005-GmC01005-L1-fp1-clmp-fp2-fqscrn-repr.R1	20.091588588272444	44.0	142.11322244446785	18.181818181818183	18998.0
Gmi-CBat_005-GmC01005-L1-fp1-clmp-fp2-fqscrn-repr.R2	17.82819244130961	45.0	141.20654805769027	18.181818181818183	18998.0
Gmi-CBat_006-GmC01006-L1-fp1-clmp-fp2-fqscrn-repr.R1	41.910533325462396	49.0	143.23262560221704	0.0	702197.0
Gmi-CBat_006-GmC01006-L1-fp1-clmp-fp2-fqscrn-repr.R2	41.72034612811466	49.0	142.8782962615904	0.0	702197.0
Gmi-CBat_008-GmC01008-L1-fp1-clmp-fp2-fqscrn-repr.R1	58.03111230881311	41.0	139.4006121951184	18.181818181818183	6219259.0
Gmi-CBat_008-GmC01008-L1-fp1-clmp-fp2-fqscrn-repr.R2	54.94098341034378	41.0	136.86173256331662	18.181818181818183	6219259.0
Gmi-CBat_009-GmC01009-L1-fp1-clmp-fp2-fqscrn-repr.R1	39.05974150833469	48.0	142.4818495772975	0.0	1023888.0
Gmi-CBat_009-GmC01009-L1-fp1-clmp-fp2-fqscrn-repr.R2	38.26316606012294	48.0	141.55770748363102	0.0	1023888.0
Gmi-CBat_012-GmC01012-L1-fp1-clmp-fp2-fqscrn-repr.R1	7.4157303370786565	45.0	142.16629213483145	9.090909090909092	445.0
Gmi-CBat_012-GmC01012-L1-fp1-clmp-fp2-fqscrn-repr.R2	6.741573033707866	45.0	140.91685393258427	18.181818181818183	445.0
Gmi-CBat_013-GmC01013-L1-fp1-clmp-fp2-fqscrn-repr.R1	29.991961860413554	48.0	143.16005598979987	9.090909090909092	72156.0
Gmi-CBat_013-GmC01013-L1-fp1-clmp-fp2-fqscrn-repr.R2	27.37818060868119	48.0	142.8159404623316	9.090909090909092	72156.0
Gmi-CBat_014-GmC01014-L1-fp1-clmp-fp2-fqscrn-repr.R1	29.31631750367525	47.0	143.71763868789049	0.0	3315394.0
Gmi-CBat_014-GmC01014-L1-fp1-clmp-fp2-fqscrn-repr.R2	28.354451185876613	47.0	142.5270875799377	0.0	3315394.0
Gmi-CBat_016-GmC01016-L1-fp1-clmp-fp2-fqscrn-repr.R1	26.939004656152505	48.0	143.88216584128656	0.0	3950705.0
Gmi-CBat_016-GmC01016-L1-fp1-clmp-fp2-fqscrn-repr.R2	27.052947935582523	48.0	143.05825694401378	0.0	3950705.0
Gmi-CBat_017-GmC01017-L1-fp1-clmp-fp2-fqscrn-repr.R1	50.17105979088528	42.0	137.84656576905522	18.181818181818183	4108125.0
Gmi-CBat_017-GmC01017-L1-fp1-clmp-fp2-fqscrn-repr.R2	46.821014119476104	42.0	135.04695597139815	9.090909090909092	4108125.0
Gmi-CBat_018-GmC01018-L1-fp1-clmp-fp2-fqscrn-repr.R1	29.485149815873115	49.0	142.7631725265998	0.0	2535922.0
Gmi-CBat_018-GmC01018-L1-fp1-clmp-fp2-fqscrn-repr.R2	31.240472037782013	49.0	142.4821627005878	0.0	2535922.0
Gmi-CBat_021-GmC01021-L1-fp1-clmp-fp2-fqscrn-repr.R1	16.430483388442767	46.0	142.57239017477562	9.090909090909092	25404.0
Gmi-CBat_021-GmC01021-L1-fp1-clmp-fp2-fqscrn-repr.R2	14.564635490473947	46.0	141.82927885372382	18.181818181818183	25404.0
Gmi-CBat_022-GmC01022-L1-fp1-clmp-fp2-fqscrn-repr.R1	33.729855578595064	48.0	143.53810615155152	9.090909090909092	27489.0
Gmi-CBat_022-GmC01022-L1-fp1-clmp-fp2-fqscrn-repr.R2	28.098512132125578	48.0	142.3612354032522	9.090909090909092	27489.0
Gmi-CBat_026-GmC01026-L1-fp1-clmp-fp2-fqscrn-repr.R1	42.45166255627409	46.0	138.91401728847205	9.090909090909092	11202031.0
Gmi-CBat_026-GmC01026-L1-fp1-clmp-fp2-fqscrn-repr.R2	43.295310498858285	46.0	137.55647319669086	9.090909090909092	11202031.0
Gmi-CBat_028-GmC01028-L1-fp1-clmp-fp2-fqscrn-repr.R1	33.08905416570272	47.0	143.33992155777952	0.0	2024420.0
Gmi-CBat_028-GmC01028-L1-fp1-clmp-fp2-fqscrn-repr.R2	30.83085927459733	47.0	141.87179488446074	0.0	2024420.0
Gmi-CBat_029-GmC01029-L1-fp1-clmp-fp2-fqscrn-repr.R1	43.46460857984075	45.0	139.13584719698255	9.090909090909092	6489453.0
Gmi-CBat_029-GmC01029-L1-fp1-clmp-fp2-fqscrn-repr.R2	43.22706887145591	45.0	137.5597778426009	9.090909090909092	6489453.0
Gmi-CBat_032-GmC01032-L1-fp1-clmp-fp2-fqscrn-repr.R1	57.22833694187516	41.0	136.31604023529022	18.181818181818183	4032977.0
Gmi-CBat_032-GmC01032-L1-fp1-clmp-fp2-fqscrn-repr.R2	49.59401705939626	41.0	132.27061523038688	9.090909090909092	4032977.0
Gmi-CBat_033-GmC01033-L1-fp1-clmp-fp2-fqscrn-repr.R1	28.98729803077596	49.0	143.6455822635809	0.0	4245998.0
Gmi-CBat_033-GmC01033-L1-fp1-clmp-fp2-fqscrn-repr.R2	29.189996768793378	49.0	142.92925667887738	0.0	4245998.0
Gmi-CBat_035-GmC01035-L1-fp1-clmp-fp2-fqscrn-repr.R1	32.37427663216236	49.0	142.1975167767001	9.090909090909092	36807.0
Gmi-CBat_035-GmC01035-L1-fp1-clmp-fp2-fqscrn-repr.R2	28.790719156682158	49.0	141.61463851984678	18.181818181818183	36807.0
Gmi-CBat_036-GmC01036-L1-fp1-clmp-fp2-fqscrn-repr.R1	33.94952636787785	50.0	143.81948960836985	18.181818181818183	56584.0
Gmi-CBat_036-GmC01036-L1-fp1-clmp-fp2-fqscrn-repr.R2	30.52099533437014	50.0	143.14972430369008	18.181818181818183	56584.0
Gmi-CBat_037-GmC01037-L1-fp1-clmp-fp2-fqscrn-repr.R1	0.0	0	0	0.0	0
Gmi-CBat_037-GmC01037-L1-fp1-clmp-fp2-fqscrn-repr.R2	0.0	0	0	0.0	0
Gmi-CBat_038-GmC01038-L1-fp1-clmp-fp2-fqscrn-repr.R1	31.442811335670342	48.0	143.41218087212948	0.0	3792602.0
Gmi-CBat_038-GmC01038-L1-fp1-clmp-fp2-fqscrn-repr.R2	31.258241103408295	48.0	142.34717220525644	0.0	3792602.0
Gmi-CBat_040-GmC01040-L1-fp1-clmp-fp2-fqscrn-repr.R1	15.20097442143728	47.0	143.39829476248477	18.181818181818183	4105.0
Gmi-CBat_040-GmC01040-L1-fp1-clmp-fp2-fqscrn-repr.R2	13.227771010962243	48.0	143.14470158343482	9.090909090909092	4105.0
Gmi-CBat_041-GmC01041-L1-fp1-clmp-fp2-fqscrn-repr.R1	44.44164507300914	43.0	139.6613698450657	9.090909090909092	7296577.0
Gmi-CBat_041-GmC01041-L1-fp1-clmp-fp2-fqscrn-repr.R2	43.81321073450791	44.0	137.69243646712698	9.090909090909092	7296577.0
Gmi-CBat_042-GmC01042-L1-fp1-clmp-fp2-fqscrn-repr.R1	0.0	0	0	0.0	0
Gmi-CBat_042-GmC01042-L1-fp1-clmp-fp2-fqscrn-repr.R2	0.0	0	0	0.0	0
Gmi-CBat_045-GmC01045-L1-fp1-clmp-fp2-fqscrn-repr.R1	32.78023441968962	48.0	142.79720629306735	0.0	4946904.0
Gmi-CBat_045-GmC01045-L1-fp1-clmp-fp2-fqscrn-repr.R2	31.500122358814977	48.0	141.39327769449338	0.0	4946904.0
Gmi-CBat_047-GmC01047-L1-fp1-clmp-fp2-fqscrn-repr.R1	37.15063474263604	45.0	138.62125167994932	18.181818181818183	116819.0
Gmi-CBat_047-GmC01047-L1-fp1-clmp-fp2-fqscrn-repr.R2	34.69469863635196	45.0	137.77436033521946	18.181818181818183	116819.0
Gmi-CBat_051-GmC01051-L1-fp1-clmp-fp2-fqscrn-repr.R1	17.08709506107276	47.0	142.7484067976633	18.181818181818183	7532.0
Gmi-CBat_051-GmC01051-L1-fp1-clmp-fp2-fqscrn-repr.R2	14.511417950079661	47.0	142.13356346255975	9.090909090909092	7532.0
Gmi-CBat_053-GmC01053-L1-fp1-clmp-fp2-fqscrn-repr.R1	29.17578319153506	47.0	144.00459341149528	0.0	15652201.0
Gmi-CBat_053-GmC01053-L1-fp1-clmp-fp2-fqscrn-repr.R2	31.174578208233044	48.0	143.31163719402787	0.0	15652201.0
Gmi-CBat_054-GmC01054-L1-fp1-clmp-fp2-fqscrn-repr.R1	35.74852798705341	45.0	140.14923668754847	9.090909090909092	3633309.0
Gmi-CBat_054-GmC01054-L1-fp1-clmp-fp2-fqscrn-repr.R2	36.1272416107534	45.0	139.10070847263472	9.090909090909092	3633309.0
Gmi-CBat_057-GmC01057-L1-fp1-clmp-fp2-fqscrn-repr.R1	57.20380910882209	43.0	137.59472516406743	18.181818181818183	5032839.0
Gmi-CBat_057-GmC01057-L1-fp1-clmp-fp2-fqscrn-repr.R2	55.25567262373908	43.0	135.5687604948221	18.181818181818183	5032839.0
Gmi-CBat_058-GmC01058-L1-fp1-clmp-fp2-fqscrn-repr.R1	28.853684231449634	47.0	144.07521517024787	9.090909090909092	50309.0
Gmi-CBat_058-GmC01058-L1-fp1-clmp-fp2-fqscrn-repr.R2	24.415114591822544	47.0	143.07028563477706	9.090909090909092	50309.0
Gmi-CBat_061-GmC01061-L1-fp1-clmp-fp2-fqscrn-repr.R1	34.39436930322712	47.0	143.94063640372116	0.0	369671.0
Gmi-CBat_061-GmC01061-L1-fp1-clmp-fp2-fqscrn-repr.R2	31.09190391307395	47.0	142.68737877734526	0.0	369671.0
Gmi-CBat_062-GmC01062-L1-fp1-clmp-fp2-fqscrn-repr.R1	16.87362891702054	46.0	142.75911204137904	9.090909090909092	49687.0
Gmi-CBat_062-GmC01062-L1-fp1-clmp-fp2-fqscrn-repr.R2	15.207197053555248	46.0	141.99039990339526	9.090909090909092	49687.0
Gmi-CBat_066-GmC01066-L1-fp1-clmp-fp2-fqscrn-repr.R1	0.0	0	0	0.0	0
Gmi-CBat_066-GmC01066-L1-fp1-clmp-fp2-fqscrn-repr.R2	0.0	0	0	0.0	0
Gmi-CBat_068-GmC01068-L1-fp1-clmp-fp2-fqscrn-repr.R1	29.263360071189965	48.0	143.31038733642797	0.0	366658.0
Gmi-CBat_068-GmC01068-L1-fp1-clmp-fp2-fqscrn-repr.R2	28.045631815503626	48.0	142.65068810717344	0.0	366658.0
Gmi-CBat_069-GmC01069-L1-fp1-clmp-fp2-fqscrn-repr.R1	42.2507260600842	46.0	139.63302940960438	9.090909090909092	26180801.0
Gmi-CBat_069-GmC01069-L1-fp1-clmp-fp2-fqscrn-repr.R2	38.865912130527256	46.0	138.10677438784245	9.090909090909092	26180801.0
Gmi-CBat_070-GmC01070-L1-fp1-clmp-fp2-fqscrn-repr.R1	30.247565411240174	47.0	143.66044819899096	9.090909090909092	42615.0
Gmi-CBat_070-GmC01070-L1-fp1-clmp-fp2-fqscrn-repr.R2	25.826586882553087	48.0	142.9571277719113	9.090909090909092	42615.0
Gmi-CBat_071-GmC01071-L1-fp1-clmp-fp2-fqscrn-repr.R1	37.64346568645101	49.0	137.42477772773523	9.090909090909092	179847.0
Gmi-CBat_071-GmC01071-L1-fp1-clmp-fp2-fqscrn-repr.R2	35.71296942506649	50.0	136.66827914838723	9.090909090909092	179847.0
Gmi-CBat_072-GmC01072-L1-fp1-clmp-fp2-fqscrn-repr.R1	39.011784121002314	50.0	143.04806065938817	9.090909090909092	1535393.0
Gmi-CBat_072-GmC01072-L1-fp1-clmp-fp2-fqscrn-repr.R2	35.583167585339055	50.0	141.6332984454143	9.090909090909092	1535393.0
Gmi-CBat_073-GmC01073-L1-fp1-clmp-fp2-fqscrn-repr.R1	46.17033504733939	44.0	138.24812388186214	9.090909090909092	5183842.0
Gmi-CBat_073-GmC01073-L1-fp1-clmp-fp2-fqscrn-repr.R2	41.686982303069684	45.0	135.40678843992544	9.090909090909092	5183842.0
Gmi-CBat_074-GmC01074-L1-fp1-clmp-fp2-fqscrn-repr.R1	31.434706015869992	48.0	143.5944845475355	0.0	774116.0
Gmi-CBat_074-GmC01074-L1-fp1-clmp-fp2-fqscrn-repr.R2	31.68395042411811	48.0	143.15474295841966	0.0	774116.0
Gmi-CBat_075-GmC01075-L1-fp1-clmp-fp2-fqscrn-repr.R1	30.474469004104023	48.0	143.61289617998693	0.0	3754228.0
Gmi-CBat_075-GmC01075-L1-fp1-clmp-fp2-fqscrn-repr.R2	30.745433801363617	48.0	142.7208755035656	0.0	3754228.0
Gmi-CBat_077-GmC01077-L1-fp1-clmp-fp2-fqscrn-repr.R1	30.07203606079841	49.0	143.58326577270702	0.0	15529262.0
Gmi-CBat_077-GmC01077-L1-fp1-clmp-fp2-fqscrn-repr.R2	31.635553621499994	49.0	142.94997482816635	0.0	15529262.0
Gmi-CBat_078-GmC01078-L1-fp1-clmp-fp2-fqscrn-repr.R1	30.181568372717052	47.0	143.9560286072587	0.0	5347454.0
Gmi-CBat_078-GmC01078-L1-fp1-clmp-fp2-fqscrn-repr.R2	31.403763574150673	47.0	143.33591518505816	0.0	5347454.0
Gmi-CBat_080-GmC01080-L1-fp1-clmp-fp2-fqscrn-repr.R1	0.0	0	0	0.0	0
Gmi-CBat_080-GmC01080-L1-fp1-clmp-fp2-fqscrn-repr.R2	0.0	0	0	0.0	0
Gmi-CBat_081-GmC01081-L1-fp1-clmp-fp2-fqscrn-repr.R1	26.61783296705454	49.0	143.0064787685384	0.0	1493185.0
Gmi-CBat_081-GmC01081-L1-fp1-clmp-fp2-fqscrn-repr.R2	27.38912774280662	49.0	142.72337319220324	0.0	1493185.0
Gmi-CBat_082-GmC01082-L1-fp1-clmp-fp2-fqscrn-repr.R1	27.614189659169952	50.0	142.51843264549038	18.181818181818183	4313.0
Gmi-CBat_082-GmC01082-L1-fp1-clmp-fp2-fqscrn-repr.R2	23.881289125898448	50.0	142.03246000463713	9.090909090909092	4313.0
Gmi-CBat_085-GmC01085-L1-fp1-clmp-fp2-fqscrn-repr.R1	31.588570541934203	48.0	143.81839533488903	0.0	793636.0
Gmi-CBat_085-GmC01085-L1-fp1-clmp-fp2-fqscrn-repr.R2	31.235703902417484	48.0	143.25246712598724	0.0	793636.0
Gmi-CBat_086-GmC01086-L1-fp1-clmp-fp2-fqscrn-repr.R1	29.992772351055237	48.0	143.76600522638122	0.0	7065692.0
Gmi-CBat_086-GmC01086-L1-fp1-clmp-fp2-fqscrn-repr.R2	31.383217385430044	48.0	143.04582495246044	0.0	7065692.0
Gmi-CBat_087-GmC01087-L1-fp1-clmp-fp2-fqscrn-repr.R1	36.545197191559495	47.0	139.23510317132224	9.090909090909092	2716501.0
Gmi-CBat_087-GmC01087-L1-fp1-clmp-fp2-fqscrn-repr.R2	35.58162784905427	47.0	137.74601813141243	9.090909090909092	2716501.0
Gmi-CBat_089-GmC01089-L1-fp1-clmp-fp2-fqscrn-repr.R1	26.513677245894485	48.0	144.26374046468834	0.0	7664406.0
Gmi-CBat_089-GmC01089-L1-fp1-clmp-fp2-fqscrn-repr.R2	25.941140043984007	48.0	143.15384832170946	0.0	7664406.0
Gmi-CBat_090-GmC01090-L1-fp1-clmp-fp2-fqscrn-repr.R1	32.44788195458432	48.0	140.02883381354715	0.0	3860086.0
Gmi-CBat_090-GmC01090-L1-fp1-clmp-fp2-fqscrn-repr.R2	31.726783852857878	48.0	138.6234537261605	0.0	3860086.0
Gmi-CBat_092-GmC01092-L1-fp1-clmp-fp2-fqscrn-repr.R1	27.637273882066822	47.0	144.33878616383714	0.0	4710092.0
Gmi-CBat_092-GmC01092-L1-fp1-clmp-fp2-fqscrn-repr.R2	27.38382809123135	48.0	143.3942154420763	0.0	4710092.0
Gmi-CBat_093-GmC01093-L1-fp1-clmp-fp2-fqscrn-repr.R1	16.255624416334157	47.0	143.41338398845403	9.090909090909092	47116.0
Gmi-CBat_093-GmC01093-L1-fp1-clmp-fp2-fqscrn-repr.R2	14.648951523898461	47.0	142.92301978096611	9.090909090909092	47116.0
Gmi-CBat_094-GmC01094-L1-fp1-clmp-fp2-fqscrn-repr.R1	35.76283298868751	49.0	143.23043121274785	0.0	131536.0
Gmi-CBat_094-GmC01094-L1-fp1-clmp-fp2-fqscrn-repr.R2	31.80194015326603	49.0	142.66146150103393	9.090909090909092	131536.0
Gmi-CBat_095-GmC01095-L1-fp1-clmp-fp2-fqscrn-repr.R1	44.5388165598953	47.0	141.93265826272645	0.0	145170.0
Gmi-CBat_095-GmC01095-L1-fp1-clmp-fp2-fqscrn-repr.R2	39.917338293035755	47.0	140.9887786732796	0.0	145170.0
Gmi-CBat_096-GmC01096-L1-fp1-clmp-fp2-fqscrn-repr.R1	25.672727272727272	47.0	137.56654545454546	9.090909090909092	8250.0
Gmi-CBat_096-GmC01096-L1-fp1-clmp-fp2-fqscrn-repr.R2	23.28484848484848	48.0	136.47018181818183	18.181818181818183	8250.0
