Sample	FastQC_mqc-generalstats-fastqc-percent_duplicates	FastQC_mqc-generalstats-fastqc-percent_gc	FastQC_mqc-generalstats-fastqc-avg_sequence_length	FastQC_mqc-generalstats-fastqc-percent_fails	FastQC_mqc-generalstats-fastqc-total_sequences
Gmi-ABas_028-Ex1-b-cssl2.clmp.r1	40.515845427962695	44.0	130.47165312717217	9.090909090909092	2893141.0
Gmi-ABas_028-Ex1-b-cssl2.clmp.r2	37.70392153352273	44.0	130.56162074368308	9.090909090909092	2893141.0
Gmi-ABas_029-Ex1-b-cssl.clmp.r1	42.68226797619962	46.0	130.51712138534305	9.090909090909092	2538346.0
Gmi-ABas_029-Ex1-b-cssl.clmp.r2	38.22285001655072	46.0	130.60868494681182	9.090909090909092	2538346.0
Gmi-ABas_030-Ex1-b-cssl2.clmp.r1	40.56324586295547	48.0	132.38024649858076	9.090909090909092	2397742.0
Gmi-ABas_030-Ex1-b-cssl2.clmp.r2	35.68640809897897	48.0	132.46905213321534	9.090909090909092	2397742.0
Gmi-ABas_031-Ex1-b-cssl.clmp.r1	40.584184573044524	46.0	128.13990300707536	9.090909090909092	2578951.0
Gmi-ABas_031-Ex1-b-cssl.clmp.r2	36.6955082338044	46.0	128.26090918361768	9.090909090909092	2578951.0
Gmi-ABas_032-Ex1-b-cssl.clmp.r1	37.71598717995527	46.0	129.71138461085752	9.090909090909092	2446803.0
Gmi-ABas_032-Ex1-b-cssl.clmp.r2	35.063088018430506	46.0	129.84474843295516	9.090909090909092	2446803.0
Gmi-ABas_033-Ex1-b-cssl2.clmp.r1	38.68875547596006	46.0	129.67903834950238	9.090909090909092	2468298.0
Gmi-ABas_033-Ex1-b-cssl2.clmp.r2	36.6189093083822	46.0	129.8017921660999	9.090909090909092	2468298.0
Gmi-ABas_034-Ex1-b-cssl2.clmp.r1	38.611916090621044	44.0	125.03980467379422	9.090909090909092	2069154.0
Gmi-ABas_034-Ex1-b-cssl2.clmp.r2	35.22821190555632	44.0	125.13935647129213	9.090909090909092	2069154.0
Gmi-ABas_035-Ex1-b-cssl2.clmp.r1	39.26828417086953	50.0	134.91523628109329	9.090909090909092	2958235.0
Gmi-ABas_035-Ex1-b-cssl2.clmp.r2	36.112766448623745	50.0	135.00871026135516	9.090909090909092	2958235.0
Gmi-ABas_036-Ex1-b-cssl.clmp.r1	40.54809212400622	45.0	132.29352979984634	9.090909090909092	2835971.0
Gmi-ABas_036-Ex1-b-cssl.clmp.r2	38.84029888225601	45.0	132.37407328918385	9.090909090909092	2835971.0
Gmi-ABas_037-Ex1-b-cssl.clmp.r1	42.37612966861073	44.0	129.36775984898028	9.090909090909092	3452794.0
Gmi-ABas_037-Ex1-b-cssl.clmp.r2	38.061234025007195	44.0	129.48100639655885	9.090909090909092	3452794.0
Gmi-ABas_038-Ex1-b-cssl.clmp.r1	35.61446218693341	47.0	128.60746331628684	9.090909090909092	2803901.0
Gmi-ABas_038-Ex1-b-cssl.clmp.r2	33.85460369669528	47.0	128.69818156917808	9.090909090909092	2803901.0
Gmi-ABas_039-Ex1-b-cssl.clmp.r1	34.836934985795054	47.0	129.4679774847033	9.090909090909092	2266015.0
Gmi-ABas_039-Ex1-b-cssl.clmp.r2	32.676752993420095	47.0	129.57998865850402	9.090909090909092	2266015.0
Gmi-ABas_040-Ex1-b-cssl.clmp.r1	40.878588098188494	45.0	129.60052860047736	9.090909090909092	2751038.0
Gmi-ABas_040-Ex1-b-cssl.clmp.r2	38.92833366598827	45.0	129.707744494987	9.090909090909092	2751038.0
Gmi-ABas_041-Ex1-b-cssl.clmp.r1	42.309029179434674	46.0	133.0416982091077	0.0	3248269.0
Gmi-ABas_041-Ex1-b-cssl.clmp.r2	40.07235205370699	46.0	133.16088722947515	0.0	3248269.0
Gmi-ABas_042-Ex1-b-cssl.clmp.r1	41.15438377560465	44.0	129.1328337994477	9.090909090909092	2387826.0
Gmi-ABas_042-Ex1-b-cssl.clmp.r2	38.57137039540339	44.0	129.2338503726821	9.090909090909092	2387826.0
Gmi-ABas_043-Ex1-b-cssl.clmp.r1	41.74784975089179	46.0	133.28642352831196	9.090909090909092	2588677.0
Gmi-ABas_043-Ex1-b-cssl.clmp.r2	39.56137019371645	46.0	133.37843848421414	9.090909090909092	2588677.0
Gmi-ABas_045-Ex1-b-cssl2.clmp.r1	86.25867530280736	28.0	134.44527476753868	18.181818181818183	7602663.0
Gmi-ABas_045-Ex1-b-cssl2.clmp.r2	83.588959706713	28.0	134.56381573140885	18.181818181818183	7602663.0
Gmi-ABas_046-Ex1-b-cssl.clmp.r1	42.45063209462566	45.0	130.77604199877348	9.090909090909092	3403147.0
Gmi-ABas_046-Ex1-b-cssl.clmp.r2	39.1413243377674	46.0	130.85989467983606	9.090909090909092	3403147.0
Gmi-ABas_047-Ex1-b-cssl2.clmp.r1	33.41096812228861	43.0	123.83165323713082	0.0	2581499.0
Gmi-ABas_047-Ex1-b-cssl2.clmp.r2	32.38774147206543	43.0	123.93716751391342	9.090909090909092	2581499.0
Gmi-ABas_048-Ex1-b-cssl.clmp.r1	35.97929806842279	47.0	129.47540883891486	9.090909090909092	2761968.0
Gmi-ABas_048-Ex1-b-cssl.clmp.r2	34.1299574490704	47.0	129.58046581278276	9.090909090909092	2761968.0
Gmi-ABas_049-Ex1-b-cssl2.clmp.r1	82.84781251199479	29.0	132.91063610037858	18.181818181818183	9761604.0
Gmi-ABas_049-Ex1-b-cssl2.clmp.r2	78.65796767487818	29.0	133.02722861939492	18.181818181818183	9761604.0
Gmi-ABas_050-Ex1-b-cssl.clmp.r1	42.811116140240614	45.0	131.91814859867534	9.090909090909092	4102190.0
Gmi-ABas_050-Ex1-b-cssl.clmp.r2	39.216270477587045	45.0	132.04628235162193	9.090909090909092	4102190.0
Gmi-ABas_051-Ex1-b-cssl.clmp.r1	41.285207336117544	45.0	132.06671971345258	9.090909090909092	3799162.0
Gmi-ABas_051-Ex1-b-cssl.clmp.r2	37.78349396877824	46.0	132.1762707144365	9.090909090909092	3799162.0
Gmi-ABas_052-Ex1-b-cssl.clmp.r1	46.474004368059816	44.0	133.20688438173858	9.090909090909092	3946963.0
Gmi-ABas_052-Ex1-b-cssl.clmp.r2	40.75937890422724	45.0	133.3161813272635	9.090909090909092	3946963.0
Gmi-ABas_053-Ex1-b-cssl.clmp.r1	45.422200199363786	43.0	130.90839359897276	9.090909090909092	5071436.0
Gmi-ABas_053-Ex1-b-cssl.clmp.r2	42.5138152678053	43.0	131.0012402798734	9.090909090909092	5071436.0
Gmi-ABas_055-Ex1-b-cssl2.clmp.r1	39.598698038423386	44.0	130.65499507264835	9.090909090909092	4152332.0
Gmi-ABas_055-Ex1-b-cssl2.clmp.r2	36.13013622600395	44.0	130.7812853114828	9.090909090909092	4152332.0
Gmi-ABas_056-Ex1-b-cssl.clmp.r1	38.181715103275984	44.0	125.792617413167	9.090909090909092	3788076.0
Gmi-ABas_056-Ex1-b-cssl.clmp.r2	35.316904308668015	44.0	125.91497821057445	9.090909090909092	3788076.0
Gmi-ABas_057-Ex1-b-cssl.clmp.r1	39.52118918508174	46.0	130.8422790879434	9.090909090909092	4081545.0
Gmi-ABas_057-Ex1-b-cssl.clmp.r2	35.54472488392932	46.0	130.9649828680071	9.090909090909092	4081545.0
Gmi-ABas_058-Ex1-b-cssl2.clmp.r1	36.29326243399166	43.0	124.03174096298874	9.090909090909092	2627362.0
Gmi-ABas_058-Ex1-b-cssl2.clmp.r2	32.338561022631694	43.0	124.18189118971806	9.090909090909092	2627362.0
Gmi-ABas_059-Ex1-b-cssl2.clmp.r1	34.712622951566146	44.0	123.84702145003665	0.0	2680415.0
Gmi-ABas_059-Ex1-b-cssl2.clmp.r2	31.00631910795508	44.0	124.00052193410349	0.0	2680415.0
Gmi-ABas_060-Ex1-b-cssl2.clmp.r1	46.75753170241946	40.0	124.15844037166883	9.090909090909092	2891176.0
Gmi-ABas_060-Ex1-b-cssl2.clmp.r2	42.49612167809086	40.0	124.27844586424348	9.090909090909092	2891176.0
Gmi-ABas_061-Ex1-b-cssl.clmp.r1	37.866812252930124	45.0	124.15674458903942	0.0	2584153.0
Gmi-ABas_061-Ex1-b-cssl.clmp.r2	33.628795790234605	45.0	124.31388930918564	0.0	2584153.0
Gmi-AHam_001-Ex1-cssl2.clmp.r1	12.870235119362974	45.0	125.25733279139169	0.0	3739640.0
Gmi-AHam_001-Ex1-cssl2.clmp.r2	12.662774216654014	45.0	125.30972312842947	0.0	3739640.0
Gmi-AHam_002-Ex1-cssl2.clmp.r1	27.695045920560943	49.0	132.28099644874717	9.090909090909092	4518687.0
Gmi-AHam_002-Ex1-cssl2.clmp.r2	26.15397686520373	49.0	132.33368741849125	9.090909090909092	4518687.0
Gmi-AHam_005-Ex1-cssl.clmp.r1	17.375576541771395	51.0	127.15297315862462	0.0	4629420.0
Gmi-AHam_005-Ex1-cssl.clmp.r2	16.7068558682883	51.0	127.24261246549244	0.0	4629420.0
Gmi-AHam_006-Ex1-cssl.clmp.r1	79.4787307509126	30.0	134.04906856812553	18.181818181818183	8399165.0
Gmi-AHam_006-Ex1-cssl.clmp.r2	75.55703312919921	30.0	134.12794259905598	18.181818181818183	8399165.0
Gmi-AHam_007-Ex1-cssl.clmp.r1	63.088268379392304	40.0	135.11377636477096	18.181818181818183	13432034.0
Gmi-AHam_007-Ex1-cssl.clmp.r2	59.753941635513	40.0	135.18019288813593	18.181818181818183	13432034.0
Gmi-AHam_008-Ex1-cssl.clmp.r1	39.14742100225299	32.0	132.01485789533277	9.090909090909092	9556266.0
Gmi-AHam_008-Ex1-cssl.clmp.r2	38.30568052110227	32.0	132.07558851961633	9.090909090909092	9556266.0
Gmi-AHam_009-Ex1-cssl.clmp.r1	43.73156775603862	37.0	125.36377319095318	9.090909090909092	7919737.0
Gmi-AHam_009-Ex1-cssl.clmp.r2	39.62315199462303	37.0	125.4319445203799	9.090909090909092	7919737.0
Gmi-AHam_012-Ex1-cssl.clmp.r1	11.96530317499041	46.0	122.08898239133909	0.0	6701191.0
Gmi-AHam_012-Ex1-cssl.clmp.r2	12.342540060493718	47.0	122.15210012667897	0.0	6701191.0
Gmi-AHam_013-Ex1-cssl2.clmp.r1	24.093441295293076	45.0	132.4760865468685	0.0	3948196.0
Gmi-AHam_013-Ex1-cssl2.clmp.r2	23.30533843251463	45.0	132.52343627317387	0.0	3948196.0
Gmi-AHam_015-Ex1-cssl2.clmp.r1	49.207480782899246	42.0	137.3246444393839	9.090909090909092	3477888.0
Gmi-AHam_015-Ex1-cssl2.clmp.r2	47.415268145381305	42.0	137.33727480585918	9.090909090909092	3477888.0
Gmi-AHam_016-Ex1-cssl2.clmp.r1	55.14143625952123	39.0	136.12095594853437	18.181818181818183	5477366.0
Gmi-AHam_016-Ex1-cssl2.clmp.r2	53.48472626136252	39.0	136.1199728117493	18.181818181818183	5477366.0
Gmi-AHam_019-Ex1-cssl.clmp.r1	11.30085960766651	43.0	122.55830166604646	0.0	5823307.0
Gmi-AHam_019-Ex1-cssl.clmp.r2	11.763172784612522	43.0	122.6146953955888	0.0	5823307.0
Gmi-AHam_020-Ex1-cssl.clmp.r1	12.264810748944228	44.0	123.26266609773128	0.0	7091608.0
Gmi-AHam_020-Ex1-cssl.clmp.r2	12.862832790772444	44.0	123.31656205475542	0.0	7091608.0
Gmi-AHam_021-Ex1-cssl.clmp.r1	11.315116305106244	43.0	121.84758337737186	0.0	7022259.0
Gmi-AHam_021-Ex1-cssl.clmp.r2	11.52279586311532	43.0	121.91470878530684	0.0	7022259.0
Gmi-AHam_022-Ex1-cssl.clmp.r1	11.737186931455426	44.0	122.39689702096344	0.0	4663454.0
Gmi-AHam_022-Ex1-cssl.clmp.r2	12.014153837205612	44.0	122.46115947535883	0.0	4663454.0
Gmi-AHam_023-Ex1-cssl.clmp.r1	20.344772886086204	51.0	129.98545326886796	0.0	5377978.0
Gmi-AHam_023-Ex1-cssl.clmp.r2	19.878925380151017	51.0	130.05131649850557	0.0	5377978.0
Gmi-AHam_024-Ex1-cssl.clmp.r1	46.748989505792224	40.0	132.40455839203898	9.090909090909092	10240497.0
Gmi-AHam_024-Ex1-cssl.clmp.r2	45.39536198860361	40.0	132.44294275951646	9.090909090909092	10240497.0
Gmi-AHam_025-Ex1-cssl.clmp.r1	8.78526777399317	42.0	121.79444648803532	0.0	4132160.0
Gmi-AHam_025-Ex1-cssl.clmp.r2	8.770816599263242	43.0	121.84384825369783	0.0	4132160.0
Gmi-AHam_034-Ex1-cssl.clmp.r1	59.7578415496336	42.0	135.70148985723986	18.181818181818183	9968539.0
Gmi-AHam_034-Ex1-cssl.clmp.r2	54.82523772591934	42.0	135.73631782952347	18.181818181818183	9968539.0
Gmi-AHam_036-Ex1-cssl.clmp.r1	38.482203812275415	40.0	127.65220143977236	9.090909090909092	6918177.0
Gmi-AHam_036-Ex1-cssl.clmp.r2	40.83046158330104	40.0	127.71723070976645	9.090909090909092	6918177.0
Gmi-AHam_038-Ex1-cssl.clmp.r1	9.888373148790748	43.0	117.60216510160745	0.0	3370373.0
Gmi-AHam_038-Ex1-cssl.clmp.r2	10.100959651753001	43.0	117.67034894950797	0.0	3370373.0
Gmi-AHam_040-Ex1-cssl.clmp.r1	55.91171310834711	32.0	132.06466308457308	18.181818181818183	11262129.0
Gmi-AHam_040-Ex1-cssl.clmp.r2	53.90577891522162	32.0	132.09586775289114	18.181818181818183	11262129.0
Gmi-AHam_043-Ex1-cssl.clmp.r1	63.833449210105016	34.0	129.53192470272134	18.181818181818183	6758810.0
Gmi-AHam_043-Ex1-cssl.clmp.r2	63.68287718850654	34.0	129.58604976319796	18.181818181818183	6758810.0
Gmi-AHam_044-Ex1-cssl.clmp.r1	43.95025628614676	40.0	129.19420081994087	9.090909090909092	9531175.0
Gmi-AHam_044-Ex1-cssl.clmp.r2	41.6400820161843	40.0	129.26670824950753	9.090909090909092	9531175.0
Gmi-AHam_045-Ex1-cssl.clmp.r1	28.773563654460062	40.0	127.25379570561506	9.090909090909092	13772077.0
Gmi-AHam_045-Ex1-cssl.clmp.r2	28.873402954925254	40.0	127.32538200301958	9.090909090909092	13772077.0
Gmi-AHam_046-Ex1-cssl.clmp.r1	30.11221103417526	39.0	129.60952633514285	9.090909090909092	10641427.0
Gmi-AHam_046-Ex1-cssl.clmp.r2	30.587364151642106	39.0	129.67007413573387	9.090909090909092	10641427.0
Gmi-AHam_047-Ex1-cssl.clmp.r1	77.59491999916364	30.0	138.46903710343133	18.181818181818183	10929097.0
Gmi-AHam_047-Ex1-cssl.clmp.r2	74.84665934896984	30.0	138.45348046595248	18.181818181818183	10929097.0
Gmi-AHam_048-Ex1-cssl.clmp.r1	72.8472407954424	39.0	134.82244580393427	18.181818181818183	12694141.0
Gmi-AHam_048-Ex1-cssl.clmp.r2	68.34760777155257	38.0	134.86843363406788	18.181818181818183	12694141.0
Gmi-AHam_049-Ex1-cssl.clmp.r1	67.84680998812328	39.0	135.9425246304932	18.181818181818183	6834719.0
Gmi-AHam_049-Ex1-cssl.clmp.r2	64.51663803824889	39.0	135.9767473981008	18.181818181818183	6834719.0
Gmi-AHam_050-Ex1-cssl.clmp.r1	9.443028656890661	44.0	121.31941476063173	0.0	4513777.0
Gmi-AHam_050-Ex1-cssl.clmp.r2	9.47563919593415	44.0	121.39131374899557	0.0	4513777.0
Gmi-AHam_051-Ex1-cssl.clmp.r1	59.256179491671894	35.0	134.1929733607414	18.181818181818183	7605542.0
Gmi-AHam_051-Ex1-cssl.clmp.r2	51.36249093718169	35.0	134.21317034341536	18.181818181818183	7605542.0
Gmi-AHam_052-Ex1-cssl.clmp.r1	21.489786273075325	52.0	131.34348004673498	0.0	4070612.0
Gmi-AHam_052-Ex1-cssl.clmp.r2	19.829736392233656	52.0	131.41214466031153	0.0	4070612.0
Gmi-AHam_053-Ex1-cssl.clmp.r1	32.022996541928634	43.0	124.99868902856115	9.090909090909092	4992481.0
Gmi-AHam_053-Ex1-cssl.clmp.r2	33.85795630113762	43.0	125.08444679108443	9.090909090909092	4992481.0
Gmi-AHam_054-Ex1-cssl.clmp.r1	8.360205973992521	42.0	120.57844444231885	0.0	4495481.0
Gmi-AHam_054-Ex1-cssl.clmp.r2	8.745658424695009	42.0	120.63618286897442	0.0	4495481.0
Gmi-AHam_056-Ex1-cssl.clmp.r1	30.785925178639843	41.0	127.52597169253102	9.090909090909092	7032137.0
Gmi-AHam_056-Ex1-cssl.clmp.r2	28.47168260857424	41.0	127.60481330212993	9.090909090909092	7032137.0
Gmi-AHam_057-Ex1-cssl.clmp.r1	44.19064167054758	33.0	132.60144717312045	9.090909090909092	11678354.0
Gmi-AHam_057-Ex1-cssl.clmp.r2	44.69035682191094	33.0	132.63924042720404	9.090909090909092	11678354.0
Gmi-AHam_058-Ex1-cssl.clmp.r1	58.05065995458577	35.0	127.38963323211955	18.181818181818183	8314414.0
Gmi-AHam_058-Ex1-cssl.clmp.r2	51.145746677850326	35.0	127.448517237655	18.181818181818183	8314414.0
Gmi-AHam_059-Ex1-cssl.clmp.r1	72.08867290321015	31.0	137.78077097325755	18.181818181818183	9780443.0
Gmi-AHam_059-Ex1-cssl.clmp.r2	69.89847189912348	31.0	137.81330549137704	18.181818181818183	9780443.0
Gmi-AHam_061-Ex1-cssl.clmp.r1	75.32356912223179	32.0	135.12071122510662	18.181818181818183	8982810.0
Gmi-AHam_061-Ex1-cssl.clmp.r2	69.56953048487287	32.0	135.15090200059893	18.181818181818183	8982810.0
Gmi-AHam_062-Ex1-cssl.clmp.r1	12.36379970386514	45.0	122.04998332557857	0.0	4006136.0
Gmi-AHam_062-Ex1-cssl.clmp.r2	11.941052950561968	45.0	122.12488292958602	0.0	4006136.0
Gmi-AHam_063-Ex1-cssl.clmp.r1	54.758377129215404	37.0	124.91816757010614	18.181818181818183	7437687.0
Gmi-AHam_063-Ex1-cssl.clmp.r2	48.434502414318395	37.0	124.99042605584236	9.090909090909092	7437687.0
Gmi-AHam_064-Ex1-cssl.clmp.r1	37.23166112030852	40.0	129.58749045196546	9.090909090909092	7748977.0
Gmi-AHam_064-Ex1-cssl.clmp.r2	33.25809553430908	40.0	129.63436244552022	9.090909090909092	7748977.0
Gmi-AHam_066-Ex1-cssl.clmp.r1	64.16998700595096	34.0	130.91403494986153	18.181818181818183	6643002.0
Gmi-AHam_066-Ex1-cssl.clmp.r2	57.69139961020009	34.0	130.97096568689878	18.181818181818183	6643002.0
Gmi-AHam_067-Ex1-cssl.clmp.r1	59.541201080417615	30.0	137.09683805141768	18.181818181818183	16957518.0
Gmi-AHam_067-Ex1-cssl.clmp.r2	60.324168029956326	30.0	137.14927101949706	18.181818181818183	16957518.0
Gmi-AHam_068-Ex1-cssl.clmp.r1	61.319044953318645	40.0	132.3712539290962	18.181818181818183	10024570.0
Gmi-AHam_068-Ex1-cssl.clmp.r2	56.65055664696943	40.0	132.4456324809942	18.181818181818183	10024570.0
Gmi-AHam_069-Ex1-cssl.clmp.r1	75.23319416516155	30.0	135.03419340477708	18.181818181818183	9663267.0
Gmi-AHam_069-Ex1-cssl.clmp.r2	72.12305097792728	29.0	135.0603571235277	18.181818181818183	9663267.0
Gmi-AHam_070-Ex1-cssl.clmp.r1	52.76732325363206	34.0	129.22083235244438	18.181818181818183	9022428.0
Gmi-AHam_070-Ex1-cssl.clmp.r2	50.92816191137608	34.0	129.2680986758775	18.181818181818183	9022428.0
Gmi-AHam_071-Ex1-cssl.clmp.r1	23.203099526909767	55.0	134.35072124439353	9.090909090909092	4722879.0
Gmi-AHam_071-Ex1-cssl.clmp.r2	21.50153173279739	55.0	134.40127303706066	9.090909090909092	4722879.0
Gmi-AHam_072-Ex1-cssl.clmp.r1	72.25532672443282	30.0	136.84749045418772	18.181818181818183	14745995.0
Gmi-AHam_072-Ex1-cssl.clmp.r2	66.70435346290631	29.0	136.85521729798498	18.181818181818183	14745995.0
Gmi-AHam_073-Ex1-cssl.clmp.r1	81.6159736766664	32.0	135.43033714601248	18.181818181818183	6338500.0
Gmi-AHam_073-Ex1-cssl.clmp.r2	78.10052222258511	32.0	135.4394445057979	18.181818181818183	6338500.0
Gmi-AHam_074-Ex1-cssl2.clmp.r1	82.55256581063443	31.0	139.09437993387743	18.181818181818183	3979882.0
Gmi-AHam_074-Ex1-cssl2.clmp.r2	76.65926434033408	31.0	139.04013058678623	18.181818181818183	3979882.0
Gmi-AHam_075-Ex1-cssl.clmp.r1	40.96840782148181	32.0	131.72075870900926	9.090909090909092	10976593.0
Gmi-AHam_075-Ex1-cssl.clmp.r2	42.31413640932813	32.0	131.72985415419885	9.090909090909092	10976593.0
Gmi-AHam_076-Ex1-cssl.clmp.r1	24.973930559092594	40.0	125.73634680426899	9.090909090909092	11067061.0
Gmi-AHam_076-Ex1-cssl.clmp.r2	25.010476975713644	40.0	125.80050719879469	9.090909090909092	11067061.0
Gmi-AHam_077-Ex1-cssl.clmp.r1	58.07979478817215	33.0	133.76917881474048	18.181818181818183	8030697.0
Gmi-AHam_077-Ex1-cssl.clmp.r2	58.94796909806657	33.0	133.81498193743332	18.181818181818183	8030697.0
Gmi-AHam_080-Ex1-cssl.clmp.r1	80.32722122259129	32.0	137.5628327483066	18.181818181818183	7985390.0
Gmi-AHam_080-Ex1-cssl.clmp.r2	76.04383604925161	32.0	137.55409641858444	18.181818181818183	7985390.0
Gmi-AHam_081-Ex1-cssl.clmp.r1	41.715768098728766	40.0	129.35891974869438	9.090909090909092	6978117.0
Gmi-AHam_081-Ex1-cssl.clmp.r2	44.135664592157674	40.0	129.42060014184344	9.090909090909092	6978117.0
Gmi-AHam_082-Ex1-cssl.clmp.r1	70.83444032250205	34.0	133.5181808785971	18.181818181818183	7962899.0
Gmi-AHam_082-Ex1-cssl.clmp.r2	65.7977077461602	34.0	133.55545675011072	18.181818181818183	7962899.0
Gmi-AHam_084-Ex1-cssl.clmp.r1	39.453440114043595	34.0	129.39224817680807	9.090909090909092	8576305.0
Gmi-AHam_084-Ex1-cssl.clmp.r2	38.29780427843982	34.0	129.42860054533975	9.090909090909092	8576305.0
Gmi-AHam_086-Ex1-cssl.clmp.r1	30.94212885907666	40.0	125.03845394626374	9.090909090909092	7325334.0
Gmi-AHam_086-Ex1-cssl.clmp.r2	28.933594034852803	40.0	125.10652906748007	9.090909090909092	7325334.0
Gmi-AHam_087-Ex1-cssl.clmp.r1	29.38251199770356	35.0	127.77343759347794	9.090909090909092	11199166.0
Gmi-AHam_087-Ex1-cssl.clmp.r2	30.908600768782108	35.0	127.82167047081899	9.090909090909092	11199166.0
Gmi-AHam_088-Ex1-cssl.clmp.r1	55.41585509095521	35.0	128.53527965549353	18.181818181818183	6835285.0
Gmi-AHam_088-Ex1-cssl.clmp.r2	51.550991677982125	35.0	128.59676926419309	18.181818181818183	6835285.0
Gmi-AHam_090-Ex1-cssl.clmp.r1	54.775407170145925	36.0	125.05440593050908	18.181818181818183	6126152.0
Gmi-AHam_090-Ex1-cssl.clmp.r2	52.876105412892485	36.0	125.11863809451675	18.181818181818183	6126152.0
Gmi-AHam_091-Ex1-cssl.clmp.r1	31.864977261869825	48.0	133.3624831683724	9.090909090909092	4775979.0
Gmi-AHam_091-Ex1-cssl.clmp.r2	32.10095798468623	48.0	133.42285864322267	9.090909090909092	4775979.0
Gmi-AHam_092-Ex1-cssl.clmp.r1	57.56006043947446	40.0	134.6678834781735	18.181818181818183	14749477.0
Gmi-AHam_092-Ex1-cssl.clmp.r2	53.74012801642476	40.0	134.71390165224165	18.181818181818183	14749477.0
Gmi-AHam_093-Ex1-cssl.clmp.r1	53.65152963705731	30.0	132.71323662053265	18.181818181818183	9917267.0
Gmi-AHam_093-Ex1-cssl.clmp.r2	51.87759389387979	30.0	132.73016114217756	18.181818181818183	9917267.0
Gmi-AHam_094-Ex1-cssl.clmp.r1	63.040622010838845	34.0	131.4367185168009	18.181818181818183	7835981.0
Gmi-AHam_094-Ex1-cssl.clmp.r2	58.77142953918377	33.0	131.46222649085036	18.181818181818183	7835981.0
Gmi-AHam_095-Ex1-cssl.clmp.r1	43.68161585527767	32.0	132.56716614993624	9.090909090909092	10958325.0
Gmi-AHam_095-Ex1-cssl.clmp.r2	43.337517860681274	32.0	132.59066636552575	9.090909090909092	10958325.0
Gmi-AHam_096-Ex1-cssl.clmp.r1	48.50456961077933	37.0	126.94382583270684	9.090909090909092	8164518.0
Gmi-AHam_096-Ex1-cssl.clmp.r2	47.74127667823651	37.0	126.9925642885471	0.0	8164518.0
Gmi-CBas_003-Ex1-cssl.clmp.r1	22.906781834771294	46.0	144.37731746346134	0.0	701791.0
Gmi-CBas_003-Ex1-cssl.clmp.r2	19.747839437736616	47.0	144.2830173085719	0.0	701791.0
Gmi-CBas_004-Ex1-cssl.clmp.r1	19.880553285045337	47.0	142.60803847163118	0.0	2092139.0
Gmi-CBas_004-Ex1-cssl.clmp.r2	17.378498301681077	47.0	142.53445301674506	0.0	2092139.0
Gmi-CBas_005-Ex1-cssl.clmp.r1	20.4854681393075	47.0	141.71985022531402	0.0	2638096.0
Gmi-CBas_005-Ex1-cssl.clmp.r2	17.71595511985562	47.0	141.66521498838557	0.0	2638096.0
Gmi-CBas_006-Ex1-cssl2.clmp.r1	19.318476715756262	47.0	143.0796186104185	0.0	1711321.0
Gmi-CBas_006-Ex1-cssl2.clmp.r2	16.874206023142335	48.0	142.98917386042712	0.0	1711321.0
Gmi-CBas_007-Ex1-cssl2.clmp.r1	16.839973702964443	47.0	138.94042899101566	0.0	3641335.0
Gmi-CBas_007-Ex1-cssl2.clmp.r2	14.968318353709904	47.0	138.9005274164558	0.0	3641335.0
Gmi-CBas_009-Ex1-cssl.clmp.r1	19.68601097029537	47.0	141.63383207171296	0.0	4343092.0
Gmi-CBas_009-Ex1-cssl.clmp.r2	17.942955058262697	47.0	141.58075352767108	0.0	4343092.0
Gmi-CBas_010-Ex1-cssl.clmp.r1	21.22061653002774	47.0	141.58882716620516	9.090909090909092	1934639.0
Gmi-CBas_010-Ex1-cssl.clmp.r2	19.039856954955397	47.0	141.5331346054742	9.090909090909092	1934639.0
Gmi-CBas_012-Ex1-cssl2.clmp.r1	16.84546311887391	47.0	141.32873359942272	0.0	2170198.0
Gmi-CBas_012-Ex1-cssl2.clmp.r2	15.300458992424623	47.0	141.267059042539	0.0	2170198.0
Gmi-CBas_013-Ex1-cssl2.clmp.r1	18.528057972937916	48.0	141.50160308043593	0.0	2284352.0
Gmi-CBas_013-Ex1-cssl2.clmp.r2	15.39050274209582	48.0	141.45656142310818	0.0	2284352.0
Gmi-CBas_014-Ex1-cssl2.clmp.r1	17.93671554857579	48.0	140.73102283688777	0.0	2157343.0
Gmi-CBas_014-Ex1-cssl2.clmp.r2	16.134265110203188	48.0	140.68750819874262	0.0	2157343.0
Gmi-CBas_015-Ex1-cssl2.clmp.r1	16.139046208111836	47.0	141.76094989103535	0.0	6228167.0
Gmi-CBas_015-Ex1-cssl2.clmp.r2	14.48490913132639	47.0	141.69241094530702	0.0	6228167.0
Gmi-CBas_016-Ex1-cssl2.clmp.r1	17.86951037160381	47.0	142.86745817623054	0.0	8285181.0
Gmi-CBas_016-Ex1-cssl2.clmp.r2	16.121049812229927	47.0	142.78405649798114	0.0	8285181.0
Gmi-CBas_017-Ex1-cssl2.clmp.r1	16.26824908154076	47.0	141.12597480594937	0.0	5271562.0
Gmi-CBas_017-Ex1-cssl2.clmp.r2	15.093879251276448	47.0	141.07168160025435	0.0	5271562.0
Gmi-CBas_019-Ex1-cssl2.clmp.r1	17.099412807047173	48.0	137.9839106656884	0.0	7302726.0
Gmi-CBas_019-Ex1-cssl2.clmp.r2	16.1896578099944	48.0	137.96726468992537	0.0	7302726.0
Gmi-CBas_023-Ex1-cssl2.clmp.r1	14.787821198008288	48.0	137.72815122695368	0.0	7426401.0
Gmi-CBas_023-Ex1-cssl2.clmp.r2	14.515946358436025	48.0	137.720690008525	0.0	7426401.0
Gmi-CBas_024-Ex1-cssl2.clmp.r1	17.658208966342542	47.0	143.14465653736715	0.0	3487046.0
Gmi-CBas_024-Ex1-cssl2.clmp.r2	15.44055606374181	47.0	143.08003278419613	0.0	3487046.0
Gmi-CBas_026-Ex1-cssl2.clmp.r1	16.938207579765788	47.0	141.7946018098888	0.0	5146725.0
Gmi-CBas_026-Ex1-cssl2.clmp.r2	15.312949521130122	47.0	141.74673428248062	0.0	5146725.0
Gmi-CBas_027-Ex1-cssl2.clmp.r1	16.239482176708307	47.0	140.1687473592023	0.0	7095394.0
Gmi-CBas_027-Ex1-cssl2.clmp.r2	15.361359889157526	47.0	140.13372900786058	0.0	7095394.0
Gmi-CBas_028-Ex1-cssl.clmp.r1	18.412571986484835	47.0	140.76622420050515	9.090909090909092	3588297.0
Gmi-CBas_028-Ex1-cssl.clmp.r2	16.871346916282818	47.0	140.71988884978026	9.090909090909092	3588297.0
Gmi-CBas_029-Ex1-cssl2.clmp.r1	16.3731943475684	47.0	141.54099084039143	0.0	7537440.0
Gmi-CBas_029-Ex1-cssl2.clmp.r2	14.91719628847325	47.0	141.49901637691312	0.0	7537440.0
Gmi-CBas_033-Ex1-cssl2.clmp.r1	19.447961844187944	47.0	139.2225693461858	0.0	3190983.0
Gmi-CBas_033-Ex1-cssl2.clmp.r2	17.025095535376607	48.0	139.1977973558618	0.0	3190983.0
Gmi-CBas_034-Ex1-cssl2.clmp.r1	15.953437128758026	48.0	139.42317761404203	0.0	7723556.0
Gmi-CBas_034-Ex1-cssl2.clmp.r2	15.678959734462453	48.0	139.4077933791119	0.0	7723556.0
Gmi-CBas_039-Ex1-cssl2.clmp.r1	21.29276568201125	48.0	141.37793561262248	0.0	5050990.0
Gmi-CBas_039-Ex1-cssl2.clmp.r2	18.511096453699295	49.0	141.32994997020387	0.0	5050990.0
Gmi-CBas_041-Ex1-cssl2.clmp.r1	17.092290366445923	48.0	138.05710047847316	0.0	4498894.0
Gmi-CBas_041-Ex1-cssl2.clmp.r2	16.167071567350987	48.0	138.05110989500974	0.0	4498894.0
Gmi-CBas_045-Ex1-cssl2.clmp.r1	20.463817573204864	48.0	139.25152567469104	0.0	2650139.0
Gmi-CBas_045-Ex1-cssl2.clmp.r2	19.072200568886217	48.0	139.21997525412817	0.0	2650139.0
Gmi-CBas_046-Ex1-cssl.clmp.r1	21.699169412066468	48.0	142.0713789071619	0.0	1987632.0
Gmi-CBas_046-Ex1-cssl.clmp.r2	19.321215915942958	48.0	142.01431452099786	0.0	1987632.0
Gmi-CBas_047-Ex1-cssl.clmp.r1	22.996960434992147	48.0	141.66786459754525	0.0	2279486.0
Gmi-CBas_047-Ex1-cssl.clmp.r2	20.514587697898875	48.0	141.61146898906156	0.0	2279486.0
Gmi-CBas_048-Ex1-cssl2.clmp.r1	19.43917370500364	47.0	142.56278811965845	0.0	4023285.0
Gmi-CBas_048-Ex1-cssl2.clmp.r2	17.237246879331735	47.0	142.49702892039713	0.0	4023285.0
Gmi-CBas_049-Ex1-cssl2.clmp.r1	19.441567841445348	47.0	141.1415614859422	0.0	9657980.0
Gmi-CBas_049-Ex1-cssl2.clmp.r2	17.021163510884435	48.0	141.07840200538828	0.0	9657980.0
Gmi-CBas_053-Ex1-cssl.clmp.r1	21.421402561667364	47.0	140.93559514432405	9.090909090909092	2771437.0
Gmi-CBas_053-Ex1-cssl.clmp.r2	19.014903871879568	47.0	140.8962072744212	9.090909090909092	2771437.0
Gmi-CBas_054-Ex1-cssl2.clmp.r1	20.952475976082	48.0	141.91839937521328	0.0	4448238.0
Gmi-CBas_054-Ex1-cssl2.clmp.r2	18.567130216240244	48.0	141.8634695355779	0.0	4448238.0
Gmi-CBas_055-Ex1-cssl.clmp.r1	21.76846846410102	48.0	141.20995531418382	0.0	3307761.0
Gmi-CBas_055-Ex1-cssl.clmp.r2	19.78868315146896	48.0	141.17183738486548	0.0	3307761.0
Gmi-CBas_057-Ex1-cssl2.clmp.r1	9.498071437739071	48.0	120.02951008493466	0.0	2425747.0
Gmi-CBas_057-Ex1-cssl2.clmp.r2	9.759593648786392	48.0	120.124659331744	0.0	2425747.0
Gmi-CBas_058-Ex1-cssl.clmp.r1	20.787333482089537	47.0	141.1601721475144	0.0	2321265.0
Gmi-CBas_058-Ex1-cssl.clmp.r2	18.181823226981706	47.0	141.10984958632469	0.0	2321265.0
Gmi-CBas_060-Ex1-cssl.clmp.r1	20.816738221749347	47.0	141.54055224105448	0.0	2469284.0
Gmi-CBas_060-Ex1-cssl.clmp.r2	18.498923125141516	48.0	141.45532146160588	9.090909090909092	2469284.0
Gmi-CBas_061-Ex1-cssl.clmp.r1	21.58315114984734	48.0	138.1266595969301	9.090909090909092	2949662.0
Gmi-CBas_061-Ex1-cssl.clmp.r2	19.65448606713106	48.0	138.09848348726058	9.090909090909092	2949662.0
Gmi-CBas_064-Ex1-cssl2.clmp.r1	16.034070292811577	47.0	140.92399638099525	0.0	10842760.0
Gmi-CBas_064-Ex1-cssl2.clmp.r2	15.437093539217543	47.0	140.87576096860946	0.0	10842760.0
Gmi-CBas_066-Ex1-cssl2.clmp.r1	17.765869298683512	47.0	140.56177520333526	0.0	2466985.0
Gmi-CBas_066-Ex1-cssl2.clmp.r2	16.835155976489773	48.0	140.5199593836201	0.0	2466985.0
Gmi-CBas_067-Ex1-cssl.clmp.r1	21.295313667246347	48.0	139.05581843034818	0.0	2621231.0
Gmi-CBas_067-Ex1-cssl.clmp.r2	19.95787859052632	48.0	139.01570636086632	0.0	2621231.0
Gmi-CBas_068-Ex1-cssl2.clmp.r1	19.744826424475562	48.0	141.1894747884557	0.0	8588863.0
Gmi-CBas_068-Ex1-cssl2.clmp.r2	18.883429820359254	48.0	141.14412571256523	0.0	8588863.0
Gmi-CBas_069-Ex1-cssl2.clmp.r1	16.004572237694276	48.0	133.90942331481608	0.0	4774286.0
Gmi-CBas_069-Ex1-cssl2.clmp.r2	15.5712151144252	48.0	133.938449644617	0.0	4774286.0
Gmi-CBas_070-Ex1-cssl.clmp.r1	22.223322948302126	48.0	142.1077342521481	0.0	1863270.0
Gmi-CBas_070-Ex1-cssl.clmp.r2	20.075947504357742	48.0	142.02687479538662	0.0	1863270.0
Gmi-CBas_071-Ex1-cssl.clmp.r1	20.168692061402922	49.0	139.44813258519943	0.0	3236319.0
Gmi-CBas_071-Ex1-cssl.clmp.r2	18.922296463401338	49.0	139.41619413908208	0.0	3236319.0
Gmi-CBas_075-Ex1-cssl2.clmp.r1	17.987350038802063	47.0	141.34806624512862	0.0	9863246.0
Gmi-CBas_075-Ex1-cssl2.clmp.r2	15.427860453131444	47.0	141.2684825056579	0.0	9863246.0
Gmi-CBas_078-Ex1-cssl.clmp.r1	22.78133862252173	48.0	141.26270316780835	0.0	3535378.0
Gmi-CBas_078-Ex1-cssl.clmp.r2	21.338860125816183	48.0	141.1969138802131	0.0	3535378.0
Gmi-CBas_079-Ex1-cssl.clmp.r1	21.422705329855233	48.0	141.63887923854963	0.0	4144932.0
Gmi-CBas_079-Ex1-cssl.clmp.r2	19.557161344587442	48.0	141.5708380740625	0.0	4144932.0
Gmi-CBas_080-Ex1-cssl2.clmp.r1	18.299553478998632	48.0	139.780322428175	0.0	7737103.0
Gmi-CBas_080-Ex1-cssl2.clmp.r2	16.21148139227941	48.0	139.7305823639675	0.0	7737103.0
Gmi-CBas_081-Ex1-cssl.clmp.r1	21.230159561509964	47.0	141.8657046438896	0.0	3236791.0
Gmi-CBas_081-Ex1-cssl.clmp.r2	18.87892067281811	48.0	141.79019405330774	0.0	3236791.0
Gmi-CBas_082-Ex1-cssl2.clmp.r1	18.549821075431097	48.0	139.22166026421297	0.0	8377257.0
Gmi-CBas_082-Ex1-cssl2.clmp.r2	16.67574014491244	48.0	139.17578319490497	0.0	8377257.0
Gmi-CBas_083-Ex1-cssl2.clmp.r1	16.42116201658817	47.0	137.84072228584535	0.0	3627262.0
Gmi-CBas_083-Ex1-cssl2.clmp.r2	15.644221024090257	47.0	137.82111328048538	0.0	3627262.0
Gmi-CBas_084-Ex1-cssl.clmp.r1	18.178858959470418	47.0	139.02993550291606	9.090909090909092	1544721.0
Gmi-CBas_084-Ex1-cssl.clmp.r2	17.268723504847756	47.0	139.00563791131214	9.090909090909092	1544721.0
Gmi-CBas_085-Ex1-cssl.clmp.r1	14.729771359479244	47.0	132.71618946167195	9.090909090909092	3371996.0
Gmi-CBas_085-Ex1-cssl.clmp.r2	14.276670589030061	47.0	132.75482829754247	9.090909090909092	3371996.0
Gmi-CBas_086-Ex1-cssl2.clmp.r1	25.96121952382059	48.0	144.19370456637589	0.0	1632739.0
Gmi-CBas_086-Ex1-cssl2.clmp.r2	21.71407615887722	48.0	144.0947916354053	0.0	1632739.0
Gmi-CBas_088-Ex1-cssl.clmp.r1	15.850398746344183	47.0	137.29767188900075	0.0	2598072.0
Gmi-CBas_088-Ex1-cssl.clmp.r2	14.975300068317807	47.0	137.29231945842918	0.0	2598072.0
Gmi-CBas_089-Ex1-cssl.clmp.r1	19.518219524175834	48.0	141.6161830595545	0.0	1895995.0
Gmi-CBas_089-Ex1-cssl.clmp.r2	18.123045379319265	48.0	141.57755901255013	0.0	1895995.0
Gmi-CBas_090-Ex1-cssl.clmp.r1	20.155685397727567	48.0	142.57013698230904	0.0	1852867.0
Gmi-CBas_090-Ex1-cssl.clmp.r2	17.958157677769165	48.0	142.52831368900198	0.0	1852867.0
Gmi-CBas_091-Ex1-cssl.clmp.r1	19.866547841475423	48.0	141.59169861586346	0.0	2620045.0
Gmi-CBas_091-Ex1-cssl.clmp.r2	18.055699986520608	48.0	141.55364468930878	0.0	2620045.0
Gmi-CBas_092-Ex1-cssl2.clmp.r1	18.028908757849024	47.0	139.68020649216635	0.0	8420271.0
Gmi-CBas_092-Ex1-cssl2.clmp.r2	15.498383950759703	47.0	139.64196342374254	0.0	8420271.0
Gmi-CBas_093-Ex1-cssl.clmp.r1	21.909360394522807	48.0	142.71785063590616	0.0	1577434.0
Gmi-CBas_093-Ex1-cssl.clmp.r2	20.368429560057976	48.0	142.66760384269642	0.0	1577434.0
Gmi-CBas_094-Ex1-cssl.clmp.r1	21.847732335298147	49.0	142.53631065673537	0.0	2512458.0
Gmi-CBas_094-Ex1-cssl.clmp.r2	20.079280544714095	49.0	142.48255891242758	0.0	2512458.0
Gmi-CBas_095-Ex1-cssl2.clmp.r1	19.21290281157853	47.0	140.30870106705225	0.0	6821784.0
Gmi-CBas_095-Ex1-cssl2.clmp.r2	16.371730206985163	47.0	140.26093291725448	0.0	6821784.0
Gmi-CBat_001-Ex1-cssl.clmp.r1	35.83161558079395	48.0	145.000246963757	0.0	1417212.0
Gmi-CBat_001-Ex1-cssl.clmp.r2	31.88473545611626	48.0	144.90988433628843	0.0	1417212.0
Gmi-CBat_002-Ex1-cssl2.clmp.r1	29.898430164032902	48.0	143.13259326736366	0.0	2209803.0
Gmi-CBat_002-Ex1-cssl2.clmp.r2	27.944832514295925	48.0	143.04013434681735	0.0	2209803.0
Gmi-CBat_003-Ex1-cssl.clmp.r1	33.907929241019346	49.0	144.34643549658713	0.0	1971074.0
Gmi-CBat_003-Ex1-cssl.clmp.r2	33.46663714003462	49.0	144.24679895326102	0.0	1971074.0
Gmi-CBat_004-Ex1-cssl.clmp.r1	32.068475311713726	45.0	142.38049325774938	9.090909090909092	3818977.0
Gmi-CBat_004-Ex1-cssl.clmp.r2	29.446743609569026	45.0	142.28626592933134	9.090909090909092	3818977.0
Gmi-CBat_005-Ex1-cssl2.clmp.r1	25.082505833850178	47.0	141.8488120655963	0.0	3448549.0
Gmi-CBat_005-Ex1-cssl2.clmp.r2	23.955875826292683	48.0	141.76035631217653	0.0	3448549.0
Gmi-CBat_007-Ex1-cssl.clmp.r1	33.08612612956158	46.0	139.22918333289815	0.0	421261.0
Gmi-CBat_007-Ex1-cssl.clmp.r2	31.51093820777291	46.0	139.19665955310367	0.0	421261.0
Gmi-CBat_010-Ex1-cssl.clmp.r1	17.59230287833475	45.0	140.07228399218687	0.0	7880583.0
Gmi-CBat_010-Ex1-cssl.clmp.r2	18.331660353655636	45.0	140.04636052941768	0.0	7880583.0
Gmi-CBat_011-Ex1-cssl.clmp.r1	34.63162831545678	49.0	144.45794635308425	0.0	1920856.0
Gmi-CBat_011-Ex1-cssl.clmp.r2	31.85971671425473	49.0	144.34742843815465	0.0	1920856.0
Gmi-CBat_012-Ex1-cssl2.clmp.r1	29.62631121668528	47.0	141.6238084289166	9.090909090909092	2653010.0
Gmi-CBat_012-Ex1-cssl2.clmp.r2	27.993726815516368	47.0	141.49986958209732	9.090909090909092	2653010.0
Gmi-CBat_013-Ex1-cssl2.clmp.r1	21.17195196579962	47.0	140.40084385795734	0.0	4237206.0
Gmi-CBat_013-Ex1-cssl2.clmp.r2	20.40079965589615	47.0	140.3259166535684	0.0	4237206.0
Gmi-CBat_015-Ex1-cssl.clmp.r1	20.291026810939954	47.0	139.38002124567652	0.0	2941775.0
Gmi-CBat_015-Ex1-cssl.clmp.r2	20.226281534407505	47.0	139.33136830654962	0.0	2941775.0
Gmi-CBat_018-Ex1-cssl2.clmp.r1	21.12370012518724	47.0	145.49210613010732	0.0	6058752.0
Gmi-CBat_018-Ex1-cssl2.clmp.r2	20.47163990653746	47.0	145.41080209257615	0.0	6058752.0
Gmi-CBat_019-Ex1-cssl.clmp.r1	27.255866965173396	45.0	138.08406031728663	9.090909090909092	7238124.0
Gmi-CBat_019-Ex1-cssl.clmp.r2	26.059149591701114	45.0	138.01690161704883	9.090909090909092	7238124.0
Gmi-CBat_020-Ex1-cssl.clmp.r1	27.19024635196577	47.0	141.17443226821916	0.0	4527402.0
Gmi-CBat_020-Ex1-cssl.clmp.r2	26.139557783402168	47.0	141.10886420070494	0.0	4527402.0
Gmi-CBat_021-Ex1-cssl2.clmp.r1	23.245641090804924	47.0	141.93054930847285	0.0	3010294.0
Gmi-CBat_021-Ex1-cssl2.clmp.r2	22.235448697704456	47.0	141.81229972886368	0.0	3010294.0
Gmi-CBat_022-Ex1-cssl2.clmp.r1	27.600803009106585	47.0	141.31485195641892	0.0	2025282.0
Gmi-CBat_022-Ex1-cssl2.clmp.r2	26.6794922551846	47.0	141.25408461636454	0.0	2025282.0
Gmi-CBat_023-Ex1-cssl.clmp.r1	23.959585597177238	47.0	146.65596677102835	0.0	2478560.0
Gmi-CBat_023-Ex1-cssl.clmp.r2	21.450785379569467	47.0	146.5619468562391	0.0	2478560.0
Gmi-CBat_024-Ex1-cssl.clmp.r1	30.629607392159784	47.0	143.61413547973132	0.0	2763203.0
Gmi-CBat_024-Ex1-cssl.clmp.r2	28.683160296621494	47.0	143.5075146487609	0.0	2763203.0
Gmi-CBat_025-Ex1-cssl.clmp.r1	22.529274329018108	47.0	140.03251570790027	0.0	2892971.0
Gmi-CBat_025-Ex1-cssl.clmp.r2	21.513554400966314	47.0	139.98034892157577	0.0	2892971.0
Gmi-CBat_027-Ex1-cssl.clmp.r1	22.934052430058486	47.0	141.42810387409884	0.0	4400404.0
Gmi-CBat_027-Ex1-cssl.clmp.r2	22.678854159338613	48.0	141.37077072923304	0.0	4400404.0
Gmi-CBat_030-Ex1-cssl.clmp.r1	23.42764267355564	47.0	142.86388512562795	0.0	2906758.0
Gmi-CBat_030-Ex1-cssl.clmp.r2	22.76981075375582	48.0	142.79092067519898	0.0	2906758.0
Gmi-CBat_031-Ex1-cssl.clmp.r1	26.910382334882016	45.0	139.81548666861727	0.0	6073301.0
Gmi-CBat_031-Ex1-cssl.clmp.r2	26.964100871084867	45.0	139.74485341661807	0.0	6073301.0
Gmi-CBat_034-Ex1-cssl.clmp.r1	31.245175527371728	45.0	140.78280000010434	9.090909090909092	3833407.0
Gmi-CBat_034-Ex1-cssl.clmp.r2	29.546959171646833	45.0	140.65946037037028	9.090909090909092	3833407.0
Gmi-CBat_035-Ex1-cssl2.clmp.r1	24.65035261942444	47.0	139.77471831278706	0.0	5507971.0
Gmi-CBat_035-Ex1-cssl2.clmp.r2	23.843926250761527	47.0	139.70636682727633	0.0	5507971.0
Gmi-CBat_036-Ex1-cssl2.clmp.r1	27.810913083050153	47.0	143.12982972209912	0.0	2037669.0
Gmi-CBat_036-Ex1-cssl2.clmp.r2	26.126987166715395	47.0	142.99612694701642	0.0	2037669.0
Gmi-CBat_037-Ex1-cssl2.clmp.r1	21.750791582953994	46.0	140.19068307791346	0.0	3168965.0
Gmi-CBat_037-Ex1-cssl2.clmp.r2	21.229143385174964	46.0	140.1384713936569	0.0	3168965.0
Gmi-CBat_039-Ex1-cssl.clmp.r1	24.28794456221	47.0	145.90859342075265	0.0	9676426.0
Gmi-CBat_039-Ex1-cssl.clmp.r2	20.791737246552515	47.0	145.79609640997617	0.0	9676426.0
Gmi-CBat_040-Ex1-cssl2.clmp.r1	23.81375917443117	47.0	143.00943738623693	0.0	3270503.0
Gmi-CBat_040-Ex1-cssl2.clmp.r2	22.294619378362455	47.0	142.90429820733996	0.0	3270503.0
Gmi-CBat_042-Ex1-cssl2.clmp.r1	21.03596369829583	47.0	141.19331506969797	0.0	2455882.0
Gmi-CBat_042-Ex1-cssl2.clmp.r2	19.670355656253662	47.0	141.10396957182797	0.0	2455882.0
Gmi-CBat_043-Ex1-cssl.clmp.r1	23.237838457049662	47.0	140.8698172463456	0.0	5397758.0
Gmi-CBat_043-Ex1-cssl.clmp.r2	21.235856718667293	47.0	140.80009126011205	0.0	5397758.0
Gmi-CBat_044-Ex1-cssl.clmp.r1	28.863393749874206	45.0	142.55370937120253	9.090909090909092	8613441.0
Gmi-CBat_044-Ex1-cssl.clmp.r2	26.630738460958398	45.0	142.42882385796804	9.090909090909092	8613441.0
Gmi-CBat_046-Ex1-cssl.clmp.r1	17.247748822915938	46.0	143.68597304424483	0.0	9733951.0
Gmi-CBat_046-Ex1-cssl.clmp.r2	18.26159869511487	46.0	143.61753033274977	0.0	9733951.0
Gmi-CBat_047-Ex1-cssl2.clmp.r1	31.58866811113529	45.0	139.5375322895327	0.0	6188538.0
Gmi-CBat_047-Ex1-cssl2.clmp.r2	31.892482316386662	45.0	139.40830047419925	0.0	6188538.0
Gmi-CBat_048-Ex1-cssl.clmp.r1	29.30241224609999	46.0	145.7432397699448	0.0	6442976.0
Gmi-CBat_048-Ex1-cssl.clmp.r2	24.761735994555707	46.0	145.61870182350518	0.0	6442976.0
Gmi-CBat_049-Ex1-cssl.clmp.r1	32.439532198685015	44.0	139.10683606747628	9.090909090909092	7134716.0
Gmi-CBat_049-Ex1-cssl.clmp.r2	30.834454644236914	44.0	139.01036929851168	9.090909090909092	7134716.0
Gmi-CBat_050-Ex1-cssl.clmp.r1	28.24974832176258	45.0	140.2547090698602	0.0	4625595.0
Gmi-CBat_050-Ex1-cssl.clmp.r2	27.444087246062665	45.0	140.1470669178776	0.0	4625595.0
Gmi-CBat_051-Ex1-cssl2.clmp.r1	18.963820382909546	47.0	139.65913911232457	0.0	4755905.0
Gmi-CBat_051-Ex1-cssl2.clmp.r2	19.321839837345024	47.0	139.60222880818688	0.0	4755905.0
Gmi-CBat_052-Ex1-cssl.clmp.r1	24.206135671814266	47.0	141.80291068131905	0.0	1919688.0
Gmi-CBat_052-Ex1-cssl.clmp.r2	22.98873291916422	47.0	141.74341715945508	0.0	1919688.0
Gmi-CBat_056-Ex1-cssl.clmp.r1	21.702793708838584	47.0	142.58844465643094	0.0	3312580.0
Gmi-CBat_056-Ex1-cssl.clmp.r2	20.536262373521737	47.0	142.5077407941846	0.0	3312580.0
Gmi-CBat_058-Ex1-cssl2.clmp.r1	15.997773117269404	46.0	147.12869025526686	0.0	20730070.0
Gmi-CBat_058-Ex1-cssl2.clmp.r2	12.142035066826438	46.0	146.94092745465886	0.0	20730070.0
Gmi-CBat_059-Ex1-cssl.clmp.r1	19.706306884412186	47.0	146.03033928712136	0.0	5025596.0
Gmi-CBat_059-Ex1-cssl.clmp.r2	18.427715923340045	47.0	145.94375791448417	0.0	5025596.0
Gmi-CBat_060-Ex1-cssl.clmp.r1	20.133073432478426	46.0	144.23825281473577	0.0	13047317.0
Gmi-CBat_060-Ex1-cssl.clmp.r2	17.822292886932473	47.0	144.14750626508118	0.0	13047317.0
Gmi-CBat_061-Ex1-cssl2.clmp.r1	25.706512405375264	46.0	142.38383825957766	0.0	2113510.0
Gmi-CBat_061-Ex1-cssl2.clmp.r2	24.81791498625256	46.0	142.2965550198485	0.0	2113510.0
Gmi-CBat_062-Ex1-cssl2.clmp.r1	27.54150099147907	47.0	142.74634339169162	0.0	2210997.0
Gmi-CBat_062-Ex1-cssl2.clmp.r2	26.38251787583401	47.0	142.65899094390448	0.0	2210997.0
Gmi-CBat_063-Ex1-cssl.clmp.r1	19.505141457057476	46.0	144.95402486089537	0.0	9042474.0
Gmi-CBat_063-Ex1-cssl.clmp.r2	19.508394630747304	46.0	144.8918325891786	0.0	9042474.0
Gmi-CBat_064-Ex1-cssl.clmp.r1	26.85546692410628	47.0	139.33833278219265	0.0	1548304.0
Gmi-CBat_064-Ex1-cssl.clmp.r2	24.846045325180484	47.0	139.24436996868832	0.0	1548304.0
Gmi-CBat_065-Ex1-cssl.clmp.r1	34.49313960095158	43.0	143.02937661439552	9.090909090909092	4968578.0
Gmi-CBat_065-Ex1-cssl.clmp.r2	34.49329692121411	43.0	142.92459915090393	9.090909090909092	4968578.0
Gmi-CBat_066-Ex1-cssl2.clmp.r1	21.206365734952897	47.0	139.87641061002637	0.0	5824076.0
Gmi-CBat_066-Ex1-cssl2.clmp.r2	19.959188051053587	47.0	139.80828289328642	0.0	5824076.0
Gmi-CBat_067-Ex1-cssl.clmp.r1	20.16068639333305	47.0	140.2928270561616	0.0	5556324.0
Gmi-CBat_067-Ex1-cssl.clmp.r2	20.26451549811881	47.0	140.255284789008	0.0	5556324.0
Gmi-CBat_070-Ex1-cssl2.clmp.r1	20.796954580092944	47.0	141.20305423250898	0.0	4139436.0
Gmi-CBat_070-Ex1-cssl2.clmp.r2	18.827903250610618	47.0	141.08994462047485	0.0	4139436.0
Gmi-CBat_071-Ex1-cssl2.clmp.r1	23.168712125257912	45.0	138.03789423731865	0.0	2933322.0
Gmi-CBat_071-Ex1-cssl2.clmp.r2	23.6158874681569	45.0	137.93493179405465	0.0	2933322.0
Gmi-CBat_076-Ex1-cssl.clmp.r1	19.983967940821273	47.0	143.3416123555507	0.0	2081526.0
Gmi-CBat_076-Ex1-cssl.clmp.r2	19.031634123193655	48.0	143.2541356677745	0.0	2081526.0
Gmi-CBat_079-Ex1-cssl.clmp.r1	19.38675736523028	45.0	144.620341236147	0.0	122808033.0
Gmi-CBat_079-Ex1-cssl.clmp.r2	18.683729940878365	45.0	144.50545312455253	0.0	122808033.0
Gmi-CBat_080-Ex1-cssl2.clmp.r1	22.093565718460155	47.0	141.04807921052955	0.0	4220348.0
Gmi-CBat_080-Ex1-cssl2.clmp.r2	20.30829877698106	48.0	140.92859427705963	0.0	4220348.0
Gmi-CBat_081-Ex1-cssl2.clmp.r1	17.37483989438016	47.0	144.62978452948468	0.0	7135315.0
Gmi-CBat_081-Ex1-cssl2.clmp.r2	16.91360230072631	47.0	144.56276506363068	0.0	7135315.0
Gmi-CBat_082-Ex1-cssl2.clmp.r1	21.483894811526497	47.0	140.6543733021148	0.0	3909643.0
Gmi-CBat_082-Ex1-cssl2.clmp.r2	19.369278326711722	47.0	140.55470589002627	0.0	3909643.0
Gmi-CBat_083-Ex1-cssl.clmp.r1	28.95643705748813	49.0	143.00363681646954	0.0	1413324.0
Gmi-CBat_083-Ex1-cssl.clmp.r2	27.740569869072147	49.0	142.91512561875408	0.0	1413324.0
Gmi-CBat_084-Ex1-cssl.clmp.r1	21.752625600731108	45.0	142.79686171434608	0.0	7309341.0
Gmi-CBat_084-Ex1-cssl.clmp.r2	19.787275326328782	46.0	142.68785216068042	0.0	7309341.0
Gmi-CBat_088-Ex1-cssl.clmp.r1	24.502751434706738	46.0	141.39066842411503	0.0	2105325.0
Gmi-CBat_088-Ex1-cssl.clmp.r2	23.736430514806997	46.0	141.28138363435573	0.0	2105325.0
Gmi-CBat_091-Ex1-cssl.clmp.r1	31.86669636719502	45.0	139.87923790014298	0.0	1097389.0
Gmi-CBat_091-Ex1-cssl.clmp.r2	29.941426642310347	45.0	139.7556326881352	9.090909090909092	1097389.0
Gmi-CBat_093-Ex1-cssl2.clmp.r1	23.216875603074243	47.0	142.5808817657118	0.0	2366547.0
Gmi-CBat_093-Ex1-cssl2.clmp.r2	21.856969853757107	47.0	142.4867539076976	0.0	2366547.0
Gmi-CBat_094-Ex1-cssl2.clmp.r1	19.71824592439765	47.0	140.19364164096626	0.0	4244743.0
Gmi-CBat_094-Ex1-cssl2.clmp.r2	19.437389743533274	47.0	140.11127269660378	0.0	4244743.0
Gmi-CBat_095-Ex1-cssl2.clmp.r1	34.988113846639905	47.0	141.2787551584561	0.0	1594227.0
Gmi-CBat_095-Ex1-cssl2.clmp.r2	34.260984847405425	47.0	141.19301454560738	9.090909090909092	1594227.0
Gmi-CBat_096-Ex1-cssl2.clmp.r1	24.71423044699833	44.0	138.0612621491374	0.0	12188211.0
Gmi-CBat_096-Ex1-cssl2.clmp.r2	25.162093098978787	44.0	137.97390010724297	0.0	12188211.0
