Sample	Protists_1k	Bacteria_24k	Human	Fungi_RefSeq_release	Bird	Plant	Coral	Viruses	Vectors	Ecoli	Contamnts_Adaptrs	Multiple Genomes	No hits
Gmi-ABas_001-Ex1-b-cssl2.clmp.fp2_r1_screen	23743.0	225910.0	8097.0	1638.0	792.0	175.0	100.0	243.0	7.0	0.0	0.0	171747.0	1911461.0
Gmi-ABas_001-Ex1-b-cssl2.clmp.fp2_r2_screen	23463.0	222279.0	8152.0	1530.0	750.0	205.0	127.0	265.0	0.0	0.0	0.0	165837.0	1921305.0
Gmi-ABas_003-Ex1-b-cssl2.clmp.fp2_r1_screen	25434.0	134505.0	3928.0	1959.0	905.0	241.0	194.0	131.0	5.0	0.0	0.0	130733.0	2099672.0
Gmi-ABas_003-Ex1-b-cssl2.clmp.fp2_r2_screen	25109.0	131557.0	3904.0	1993.0	895.0	237.0	171.0	126.0	5.0	0.0	0.0	126845.0	2106865.0
Gmi-ABas_004-Ex1-b-cssl2.clmp.fp2_r1_screen	17772.0	101565.0	2390.0	1255.0	440.0	122.0	101.0	124.0	6.0	0.0	0.0	93488.0	1305248.0
Gmi-ABas_004-Ex1-b-cssl2.clmp.fp2_r2_screen	17621.0	100361.0	2487.0	1265.0	464.0	118.0	83.0	111.0	1.0	0.0	0.0	91707.0	1308293.0
Gmi-ABas_008-Ex1-b-cssl.clmp.fp2_r1_screen	29454.0	1019967.0	3818.0	2852.0	392.0	75.0	42.0	295.0	2.0	0.0	0.0	335856.0	4836016.0
Gmi-ABas_008-Ex1-b-cssl.clmp.fp2_r2_screen	28754.0	964204.0	3861.0	2872.0	389.0	75.0	48.0	266.0	2.0	0.0	0.0	311931.0	4916367.0
Gmi-ABas_009-Ex1-b-cssl.clmp.fp2_r1_screen	27802.0	128505.0	3479.0	1876.0	945.0	330.0	226.0	163.0	7.0	0.0	0.0	129089.0	2620144.0
Gmi-ABas_009-Ex1-b-cssl.clmp.fp2_r2_screen	27662.0	126816.0	3437.0	1839.0	932.0	279.0	214.0	181.0	8.0	0.0	0.0	127268.0	2623930.0
Gmi-ABas_010-Ex1-b-cssl.clmp.fp2_r1_screen	31530.0	166132.0	6131.0	2278.0	1803.0	331.0	247.0	163.0	11.0	0.0	0.0	151499.0	2765958.0
Gmi-ABas_010-Ex1-b-cssl.clmp.fp2_r2_screen	31646.0	163986.0	6091.0	2232.0	1747.0	336.0	258.0	181.0	0.0	0.0	0.0	148334.0	2771272.0
Gmi-ABas_011-Ex1-b-cssl.clmp.fp2_r1_screen	22431.0	224933.0	3006.0	1630.0	529.0	171.0	129.0	239.0	2.0	0.0	0.0	151446.0	1770301.0
Gmi-ABas_011-Ex1-b-cssl.clmp.fp2_r2_screen	22419.0	221837.0	3004.0	1633.0	511.0	173.0	97.0	247.0	2.0	0.0	0.0	145242.0	1779652.0
Gmi-ABas_012-Ex1-b-cssl.clmp.fp2_r1_screen	30591.0	232860.0	8602.0	2044.0	1576.0	277.0	232.0	211.0	4.0	0.0	0.0	189571.0	2567677.0
Gmi-ABas_012-Ex1-b-cssl.clmp.fp2_r2_screen	30460.0	229240.0	8608.0	2070.0	1526.0	284.0	192.0	212.0	2.0	0.0	0.0	184880.0	2576171.0
Gmi-ABas_013-Ex1-b-cssl.clmp.fp2_r1_screen	21118.0	116342.0	10153.0	1383.0	719.0	190.0	152.0	168.0	2.0	1.0	0.0	112781.0	1711526.0
Gmi-ABas_013-Ex1-b-cssl.clmp.fp2_r2_screen	21054.0	113557.0	10023.0	1324.0	720.0	182.0	148.0	165.0	4.0	1.0	0.0	108920.0	1718437.0
Gmi-ABas_014-Ex1-b-cssl.clmp.fp2_r1_screen	3098.0	16605.0	845.0	222.0	144.0	28.0	17.0	33.0	0.0	0.0	0.0	19430.0	305655.0
Gmi-ABas_014-Ex1-b-cssl.clmp.fp2_r2_screen	3022.0	16535.0	831.0	254.0	165.0	27.0	19.0	33.0	1.0	0.0	0.0	19016.0	306174.0
Gmi-ABas_015-Ex1-b-cssl.clmp.fp2_r1_screen	25775.0	104577.0	2669.0	1787.0	900.0	304.0	217.0	124.0	1.0	0.0	0.0	129327.0	2575817.0
Gmi-ABas_015-Ex1-b-cssl.clmp.fp2_r2_screen	25648.0	102795.0	2854.0	1744.0	891.0	272.0	172.0	136.0	0.0	0.0	0.0	126906.0	2580080.0
Gmi-ABas_016-Ex1-b-cssl.clmp.fp2_r1_screen	34414.0	232199.0	4791.0	2256.0	907.0	276.0	216.0	232.0	1.0	0.0	0.0	194642.0	2768753.0
Gmi-ABas_016-Ex1-b-cssl.clmp.fp2_r2_screen	33866.0	228674.0	4791.0	2248.0	890.0	253.0	216.0	243.0	1.0	0.0	0.0	187417.0	2780088.0
Gmi-ABas_017-Ex1-b-cssl2.clmp.fp2_r1_screen	24984.0	74494.0	10602.0	2062.0	1055.0	286.0	222.0	151.0	1.0	0.0	0.0	126010.0	2440207.0
Gmi-ABas_017-Ex1-b-cssl2.clmp.fp2_r2_screen	25208.0	73587.0	10452.0	2190.0	1075.0	263.0	240.0	103.0	1.0	0.0	0.0	124872.0	2442083.0
Gmi-ABas_018-Ex1-b-cssl2.clmp.fp2_r1_screen	30386.0	23039.0	3459.0	2291.0	1600.0	451.0	357.0	147.0	3.0	0.0	0.0	123195.0	2992512.0
Gmi-ABas_018-Ex1-b-cssl2.clmp.fp2_r2_screen	30406.0	22473.0	3490.0	2313.0	1670.0	424.0	324.0	157.0	3.0	0.0	0.0	122397.0	2993783.0
Gmi-ABas_019-Ex1-b-cssl2.clmp.fp2_r1_screen	23229.0	48694.0	3590.0	1822.0	1104.0	311.0	249.0	130.0	2.0	0.0	0.0	101539.0	2221851.0
Gmi-ABas_019-Ex1-b-cssl2.clmp.fp2_r2_screen	23440.0	47990.0	3568.0	1875.0	1124.0	310.0	209.0	132.0	3.0	0.0	0.0	100578.0	2223292.0
Gmi-ABas_022-Ex1-b-cssl2.clmp.fp2_r1_screen	32230.0	37778.0	5627.0	2388.0	1314.0	404.0	310.0	109.0	4.0	0.0	0.0	123941.0	2766847.0
Gmi-ABas_022-Ex1-b-cssl2.clmp.fp2_r2_screen	32386.0	37022.0	5627.0	2454.0	1230.0	387.0	305.0	123.0	0.0	0.0	0.0	123680.0	2767738.0
Gmi-ABas_024-Ex1-b-cssl.clmp.fp2_r1_screen	24073.0	123204.0	96086.0	1639.0	800.0	239.0	172.0	171.0	1.0	0.0	0.0	160361.0	2217421.0
Gmi-ABas_024-Ex1-b-cssl.clmp.fp2_r2_screen	24134.0	120837.0	95978.0	1755.0	839.0	245.0	189.0	184.0	3.0	0.0	0.0	157859.0	2222144.0
Gmi-ABas_025-Ex1-b-cssl.clmp.fp2_r1_screen	17330.0	36207.0	2937.0	1490.0	834.0	204.0	133.0	120.0	0.0	0.0	0.0	99193.0	1771490.0
Gmi-ABas_025-Ex1-b-cssl.clmp.fp2_r2_screen	17354.0	35706.0	3038.0	1559.0	816.0	212.0	152.0	96.0	0.0	0.0	0.0	98164.0	1772841.0
Gmi-ABas_026-Ex1-b-cssl.clmp.fp2_r1_screen	25439.0	49045.0	3114.0	2700.0	868.0	235.0	148.0	172.0	3.0	0.0	0.0	198862.0	2425154.0
Gmi-ABas_026-Ex1-b-cssl.clmp.fp2_r2_screen	25601.0	48067.0	3102.0	2736.0	921.0	227.0	138.0	153.0	3.0	0.0	0.0	196120.0	2428672.0
Gmi-ABas_027-Ex1-b-cssl.clmp.fp2_r1_screen	26051.0	29699.0	2594.0	2914.0	995.0	263.0	149.0	153.0	5.0	0.0	0.0	222204.0	2629357.0
Gmi-ABas_027-Ex1-b-cssl.clmp.fp2_r2_screen	26045.0	29085.0	2530.0	2921.0	969.0	247.0	117.0	131.0	0.0	0.0	0.0	219776.0	2632563.0
Gmi-ABas_028-Ex1-b-cssl2.clmp.fp2_r1_screen	35583.0	28423.0	4017.0	3142.0	1046.0	329.0	183.0	171.0	2.0	0.0	0.0	239702.0	2531780.0
Gmi-ABas_028-Ex1-b-cssl2.clmp.fp2_r2_screen	35419.0	28385.0	3994.0	3089.0	1008.0	337.0	163.0	175.0	1.0	0.0	0.0	237467.0	2534340.0
Gmi-ABas_029-Ex1-b-cssl.clmp.fp2_r1_screen	18248.0	79140.0	6762.0	1527.0	699.0	177.0	102.0	164.0	0.0	0.0	0.0	170916.0	2213155.0
Gmi-ABas_029-Ex1-b-cssl.clmp.fp2_r2_screen	18279.0	77676.0	6803.0	1565.0	721.0	188.0	113.0	179.0	2.0	0.0	0.0	168223.0	2217141.0
Gmi-ABas_030-Ex1-b-cssl2.clmp.fp2_r1_screen	20503.0	107313.0	2860.0	1640.0	766.0	166.0	100.0	138.0	1.0	0.0	0.0	201192.0	2020553.0
Gmi-ABas_030-Ex1-b-cssl2.clmp.fp2_r2_screen	20463.0	105712.0	2867.0	1652.0	741.0	177.0	105.0	185.0	0.0	0.0	0.0	197124.0	2026206.0
Gmi-ABas_031-Ex1-b-cssl.clmp.fp2_r1_screen	19501.0	65110.0	3298.0	1609.0	695.0	179.0	121.0	131.0	3.0	0.0	0.0	185740.0	2254628.0
Gmi-ABas_031-Ex1-b-cssl.clmp.fp2_r2_screen	19433.0	64117.0	3247.0	1628.0	659.0	197.0	86.0	153.0	2.0	0.0	0.0	183069.0	2258424.0
Gmi-ABas_032-Ex1-b-cssl.clmp.fp2_r1_screen	21717.0	63688.0	3140.0	1611.0	939.0	275.0	136.0	147.0	1.0	0.0	0.0	210670.0	2104710.0
Gmi-ABas_032-Ex1-b-cssl.clmp.fp2_r2_screen	21691.0	62819.0	3061.0	1670.0	865.0	260.0	141.0	158.0	4.0	0.0	0.0	209489.0	2106876.0
Gmi-ABas_033-Ex1-b-cssl2.clmp.fp2_r1_screen	21387.0	50199.0	3695.0	1531.0	955.0	319.0	151.0	222.0	3.0	0.0	0.0	228859.0	2120168.0
Gmi-ABas_033-Ex1-b-cssl2.clmp.fp2_r2_screen	21395.0	49657.0	3697.0	1577.0	960.0	253.0	144.0	190.0	3.0	0.0	0.0	227017.0	2122596.0
Gmi-ABas_034-Ex1-b-cssl2.clmp.fp2_r1_screen	19317.0	19047.0	1973.0	1741.0	543.0	267.0	136.0	99.0	0.0	0.0	0.0	157352.0	1834801.0
Gmi-ABas_034-Ex1-b-cssl2.clmp.fp2_r2_screen	19294.0	19028.0	1863.0	1713.0	498.0	218.0	131.0	97.0	3.0	0.0	0.0	156409.0	1836022.0
Gmi-ABas_035-Ex1-b-cssl2.clmp.fp2_r1_screen	27920.0	182847.0	22919.0	3727.0	1038.0	279.0	121.0	315.0	4.0	0.0	0.0	273716.0	2397928.0
Gmi-ABas_035-Ex1-b-cssl2.clmp.fp2_r2_screen	27855.0	179926.0	22860.0	3703.0	989.0	226.0	135.0	303.0	3.0	0.0	0.0	267571.0	2407243.0
Gmi-ABas_036-Ex1-b-cssl.clmp.fp2_r1_screen	20284.0	48543.0	2436.0	1272.0	719.0	322.0	144.0	137.0	7.0	0.0	0.0	174312.0	2546591.0
Gmi-ABas_036-Ex1-b-cssl.clmp.fp2_r2_screen	19987.0	48100.0	2426.0	1255.0	746.0	273.0	150.0	125.0	2.0	0.0	0.0	173155.0	2548548.0
Gmi-ABas_037-Ex1-b-cssl.clmp.fp2_r1_screen	27316.0	17131.0	3118.0	1892.0	1665.0	457.0	239.0	281.0	5.0	0.0	0.0	290093.0	3055982.0
Gmi-ABas_037-Ex1-b-cssl.clmp.fp2_r2_screen	27881.0	16981.0	3192.0	1842.0	1634.0	426.0	249.0	245.0	2.0	0.0	0.0	288726.0	3057001.0
Gmi-ABas_038-Ex1-b-cssl.clmp.fp2_r1_screen	27615.0	92276.0	3570.0	2717.0	746.0	317.0	170.0	194.0	2.0	0.0	0.0	228077.0	2405835.0
Gmi-ABas_038-Ex1-b-cssl.clmp.fp2_r2_screen	27670.0	91073.0	3575.0	2763.0	737.0	315.0	139.0	163.0	3.0	0.0	0.0	225380.0	2409701.0
Gmi-ABas_039-Ex1-b-cssl.clmp.fp2_r1_screen	19492.0	91916.0	3329.0	1394.0	615.0	274.0	134.0	165.0	3.0	0.0	0.0	190421.0	1923893.0
Gmi-ABas_039-Ex1-b-cssl.clmp.fp2_r2_screen	19477.0	90750.0	3359.0	1339.0	572.0	263.0	155.0	151.0	4.0	0.0	0.0	187433.0	1928133.0
Gmi-ABas_040-Ex1-b-cssl.clmp.fp2_r1_screen	18585.0	45853.0	3350.0	1378.0	1096.0	263.0	136.0	232.0	19.0	0.0	0.0	191723.0	2442148.0
Gmi-ABas_040-Ex1-b-cssl.clmp.fp2_r2_screen	18631.0	45082.0	3334.0	1368.0	1102.0	292.0	148.0	189.0	2.0	0.0	0.0	190323.0	2444312.0
Gmi-ABas_041-Ex1-b-cssl.clmp.fp2_r1_screen	27136.0	66991.0	3737.0	2293.0	1483.0	420.0	179.0	263.0	10.0	0.0	0.0	289899.0	2800513.0
Gmi-ABas_041-Ex1-b-cssl.clmp.fp2_r2_screen	27621.0	65846.0	3752.0	2108.0	1461.0	397.0	173.0	279.0	3.0	0.0	0.0	287578.0	2803706.0
Gmi-ABas_042-Ex1-b-cssl.clmp.fp2_r1_screen	22794.0	15839.0	2176.0	1848.0	689.0	271.0	135.0	91.0	8.0	0.0	0.0	164927.0	2139680.0
Gmi-ABas_042-Ex1-b-cssl.clmp.fp2_r2_screen	22761.0	15829.0	2168.0	1844.0	689.0	280.0	158.0	107.0	4.0	0.0	0.0	163764.0	2140854.0
Gmi-ABas_043-Ex1-b-cssl.clmp.fp2_r1_screen	20673.0	57339.0	3893.0	1568.0	955.0	272.0	150.0	183.0	13.0	0.0	0.0	210241.0	2252479.0
Gmi-ABas_043-Ex1-b-cssl.clmp.fp2_r2_screen	20648.0	56358.0	3878.0	1544.0	954.0	268.0	123.0	178.0	1.0	0.0	0.0	208277.0	2255537.0
Gmi-ABas_045-Ex1-b-cssl2.clmp.fp2_r1_screen	11206.0	7325.0	1586.0	1090.0	503.0	115.0	89.0	52.0	42.0	0.0	0.0	85618.0	7418636.0
Gmi-ABas_045-Ex1-b-cssl2.clmp.fp2_r2_screen	12119.0	7226.0	1558.0	1083.0	518.0	147.0	122.0	56.0	3.0	0.0	0.0	85547.0	7417883.0
Gmi-ABas_046-Ex1-b-cssl.clmp.fp2_r1_screen	31721.0	48590.0	6364.0	2952.0	1019.0	398.0	222.0	238.0	18.0	0.0	0.0	259302.0	2999930.0
Gmi-ABas_046-Ex1-b-cssl.clmp.fp2_r2_screen	31634.0	48180.0	6353.0	2966.0	972.0	391.0	204.0	214.0	5.0	0.0	0.0	257560.0	3002275.0
Gmi-ABas_047-Ex1-b-cssl2.clmp.fp2_r1_screen	29131.0	12547.0	2976.0	2461.0	1152.0	343.0	216.0	182.0	11.0	0.0	0.0	213515.0	2278935.0
Gmi-ABas_047-Ex1-b-cssl2.clmp.fp2_r2_screen	29298.0	12555.0	3006.0	2557.0	1043.0	326.0	201.0	159.0	3.0	0.0	0.0	212116.0	2280205.0
Gmi-ABas_048-Ex1-b-cssl.clmp.fp2_r1_screen	27209.0	101657.0	3365.0	2049.0	698.0	291.0	141.0	149.0	16.0	0.0	0.0	225653.0	2354768.0
Gmi-ABas_048-Ex1-b-cssl.clmp.fp2_r2_screen	27008.0	100324.0	3362.0	2090.0	750.0	301.0	135.0	154.0	2.0	0.0	0.0	222485.0	2359385.0
Gmi-ABas_049-Ex1-b-cssl2.clmp.fp2_r1_screen	15474.0	10126.0	2095.0	1462.0	722.0	205.0	166.0	81.0	56.0	0.0	0.0	121014.0	9491924.0
Gmi-ABas_049-Ex1-b-cssl2.clmp.fp2_r2_screen	18019.0	10094.0	2042.0	1592.0	708.0	223.0	161.0	83.0	3.0	0.0	0.0	121369.0	9489031.0
Gmi-ABas_050-Ex1-b-cssl.clmp.fp2_r1_screen	39366.0	76875.0	6464.0	3501.0	2158.0	494.0	211.0	368.0	28.0	0.0	0.0	356165.0	3537813.0
Gmi-ABas_050-Ex1-b-cssl.clmp.fp2_r2_screen	39560.0	75282.0	6388.0	3559.0	2063.0	412.0	184.0	332.0	2.0	0.0	0.0	351008.0	3544653.0
Gmi-ABas_051-Ex1-b-cssl.clmp.fp2_r1_screen	29769.0	90369.0	3832.0	2033.0	1473.0	378.0	246.0	242.0	32.0	0.0	0.0	290770.0	3306580.0
Gmi-ABas_051-Ex1-b-cssl.clmp.fp2_r2_screen	29614.0	88397.0	3924.0	2083.0	1431.0	384.0	230.0	237.0	3.0	0.0	0.0	286508.0	3312913.0
Gmi-ABas_052-Ex1-b-cssl.clmp.fp2_r1_screen	36179.0	43530.0	3576.0	3405.0	979.0	457.0	234.0	209.0	21.0	0.0	0.0	307692.0	3477440.0
Gmi-ABas_052-Ex1-b-cssl.clmp.fp2_r2_screen	36118.0	42549.0	3598.0	3368.0	1018.0	438.0	202.0	197.0	6.0	0.0	0.0	305302.0	3480926.0
Gmi-ABas_053-Ex1-b-cssl.clmp.fp2_r1_screen	40008.0	14946.0	3514.0	3486.0	1343.0	510.0	265.0	211.0	32.0	0.0	0.0	377908.0	4532163.0
Gmi-ABas_053-Ex1-b-cssl.clmp.fp2_r2_screen	40467.0	14758.0	3544.0	3476.0	1327.0	493.0	275.0	193.0	6.0	0.0	0.0	374700.0	4535147.0
Gmi-ABas_055-Ex1-b-cssl2.clmp.fp2_r1_screen	52663.0	64578.0	4977.0	4299.0	1239.0	544.0	244.0	284.0	45.0	0.0	0.0	320718.0	3626476.0
Gmi-ABas_055-Ex1-b-cssl2.clmp.fp2_r2_screen	52279.0	63438.0	4858.0	4295.0	1173.0	569.0	229.0	237.0	5.0	0.0	0.0	318024.0	3630960.0
Gmi-ABas_056-Ex1-b-cssl.clmp.fp2_r1_screen	32764.0	25003.0	2928.0	2500.0	1290.0	497.0	216.0	208.0	31.0	0.0	0.0	288614.0	3361068.0
Gmi-ABas_056-Ex1-b-cssl.clmp.fp2_r2_screen	32723.0	24245.0	2887.0	2489.0	1246.0	445.0	239.0	187.0	3.0	0.0	0.0	286615.0	3364040.0
Gmi-ABas_057-Ex1-b-cssl.clmp.fp2_r1_screen	35456.0	110063.0	4534.0	2358.0	1321.0	396.0	233.0	322.0	20.0	0.0	0.0	350087.0	3498297.0
Gmi-ABas_057-Ex1-b-cssl.clmp.fp2_r2_screen	35278.0	107784.0	4506.0	2426.0	1226.0	402.0	217.0	308.0	5.0	0.0	0.0	345032.0	3505903.0
Gmi-ABas_058-Ex1-b-cssl2.clmp.fp2_r1_screen	23098.0	17545.0	2829.0	1489.0	1457.0	337.0	185.0	212.0	3.0	0.0	0.0	247613.0	2288644.0
Gmi-ABas_058-Ex1-b-cssl2.clmp.fp2_r2_screen	23481.0	17342.0	2752.0	1519.0	1421.0	300.0	192.0	213.0	2.0	0.0	0.0	245479.0	2290711.0
Gmi-ABas_059-Ex1-b-cssl2.clmp.fp2_r1_screen	25227.0	9729.0	2684.0	1989.0	1708.0	332.0	204.0	207.0	3.0	0.0	0.0	250139.0	2340404.0
Gmi-ABas_059-Ex1-b-cssl2.clmp.fp2_r2_screen	25327.0	9416.0	2588.0	1940.0	1571.0	338.0	201.0	235.0	7.0	0.0	0.0	248230.0	2342773.0
Gmi-ABas_060-Ex1-b-cssl2.clmp.fp2_r1_screen	21599.0	5926.0	2135.0	1901.0	767.0	312.0	173.0	105.0	9.0	0.0	0.0	204138.0	2608846.0
Gmi-ABas_060-Ex1-b-cssl2.clmp.fp2_r2_screen	21826.0	5745.0	2010.0	1923.0	718.0	285.0	138.0	89.0	4.0	0.0	0.0	202904.0	2610269.0
Gmi-ABas_061-Ex1-b-cssl.clmp.fp2_r1_screen	27684.0	26284.0	2803.0	2799.0	907.0	325.0	173.0	155.0	2.0	0.0	0.0	236272.0	2240166.0
Gmi-ABas_061-Ex1-b-cssl.clmp.fp2_r2_screen	27657.0	25739.0	2749.0	2731.0	889.0	302.0	157.0	149.0	4.0	0.0	0.0	233982.0	2243211.0
Gmi-AHam_001-Ex1-cssl2.clmp.fp2_r1_screen	34650.0	92984.0	48483.0	2755.0	1692.0	450.0	279.0	233.0	7.0	0.0	0.0	311530.0	3208607.0
Gmi-AHam_001-Ex1-cssl2.clmp.fp2_r2_screen	35161.0	96327.0	48463.0	2721.0	1703.0	453.0	279.0	227.0	3.0	0.0	0.0	305875.0	3210458.0
Gmi-AHam_002-Ex1-cssl2.clmp.fp2_r1_screen	39166.0	83380.0	17370.0	3330.0	2490.0	406.0	247.0	746.0	13.0	0.0	0.0	233315.0	4074602.0
Gmi-AHam_002-Ex1-cssl2.clmp.fp2_r2_screen	39237.0	82381.0	17280.0	3362.0	2418.0	381.0	234.0	743.0	9.0	0.0	0.0	229517.0	4079503.0
Gmi-AHam_005-Ex1-cssl.clmp.fp2_r1_screen	55223.0	210688.0	11493.0	4423.0	2796.0	522.0	355.0	875.0	10.0	0.0	0.0	299640.0	3992289.0
Gmi-AHam_005-Ex1-cssl.clmp.fp2_r2_screen	55281.0	208594.0	11486.0	4475.0	2822.0	485.0	349.0	883.0	3.0	0.0	0.0	293406.0	4000530.0
Gmi-AHam_006-Ex1-cssl.clmp.fp2_r1_screen	20254.0	75246.0	10486.0	1565.0	881.0	139.0	116.0	466.0	4.0	0.0	0.0	118917.0	8095781.0
Gmi-AHam_006-Ex1-cssl.clmp.fp2_r2_screen	20924.0	74579.0	10528.0	1537.0	886.0	182.0	116.0	467.0	2.0	0.0	0.0	117188.0	8097446.0
Gmi-AHam_007-Ex1-cssl.clmp.fp2_r1_screen	26171.0	104743.0	5514.0	2252.0	1425.0	355.0	177.0	268.0	35.0	0.0	0.0	235803.0	12935728.0
Gmi-AHam_007-Ex1-cssl.clmp.fp2_r2_screen	25855.0	102784.0	5405.0	2319.0	1359.0	337.0	187.0	289.0	5.0	0.0	0.0	232878.0	12941053.0
Gmi-AHam_008-Ex1-cssl.clmp.fp2_r1_screen	41767.0	24310.0	11122.0	3427.0	2167.0	587.0	472.0	397.0	30.0	0.0	0.0	193248.0	9194373.0
Gmi-AHam_008-Ex1-cssl.clmp.fp2_r2_screen	42022.0	24100.0	10961.0	3438.0	2103.0	629.0	418.0	402.0	8.0	0.0	0.0	192499.0	9195320.0
Gmi-AHam_009-Ex1-cssl.clmp.fp2_r1_screen	50094.0	36449.0	18518.0	3993.0	2366.0	723.0	559.0	498.0	38.0	0.0	0.0	232078.0	7484977.0
Gmi-AHam_009-Ex1-cssl.clmp.fp2_r2_screen	51289.0	35925.0	18563.0	3924.0	2241.0	726.0	574.0	525.0	7.0	0.0	0.0	231542.0	7484977.0
Gmi-AHam_012-Ex1-cssl.clmp.fp2_r1_screen	77128.0	47569.0	14313.0	6300.0	3896.0	996.0	513.0	659.0	10.0	0.0	0.0	317813.0	6167250.0
Gmi-AHam_012-Ex1-cssl.clmp.fp2_r2_screen	77872.0	47227.0	14451.0	6362.0	3931.0	1028.0	549.0	634.0	12.0	0.0	0.0	317131.0	6167250.0
Gmi-AHam_013-Ex1-cssl2.clmp.fp2_r1_screen	41004.0	33924.0	6335.0	3404.0	2036.0	600.0	320.0	284.0	20.0	0.0	0.0	227692.0	3580902.0
Gmi-AHam_013-Ex1-cssl2.clmp.fp2_r2_screen	41311.0	33357.0	6322.0	3435.0	2018.0	546.0	289.0	297.0	2.0	0.0	0.0	225704.0	3583240.0
Gmi-AHam_015-Ex1-cssl2.clmp.fp2_r1_screen	26029.0	257953.0	280552.0	6501.0	317.0	156.0	53.0	1193.0	22.0	0.0	0.0	218588.0	2646359.0
Gmi-AHam_015-Ex1-cssl2.clmp.fp2_r2_screen	26353.0	253649.0	280213.0	6387.0	294.0	150.0	57.0	1174.0	19.0	0.0	0.0	211036.0	2658391.0
Gmi-AHam_016-Ex1-cssl2.clmp.fp2_r1_screen	14068.0	9194.0	50969.0	1238.0	959.0	195.0	142.0	91.0	1.0	0.0	0.0	110485.0	5242834.0
Gmi-AHam_016-Ex1-cssl2.clmp.fp2_r2_screen	13968.0	9224.0	50870.0	1256.0	936.0	237.0	168.0	98.0	1.0	0.0	0.0	110041.0	5243377.0
Gmi-AHam_019-Ex1-cssl.clmp.fp2_r1_screen	63154.0	29660.0	25592.0	4907.0	2818.0	818.0	546.0	482.0	19.0	0.0	0.0	239758.0	5405453.0
Gmi-AHam_019-Ex1-cssl.clmp.fp2_r2_screen	63395.0	29324.0	25799.0	4743.0	2754.0	894.0	566.0	525.0	2.0	0.0	0.0	239752.0	5405453.0
Gmi-AHam_020-Ex1-cssl.clmp.fp2_r1_screen	68002.0	11264.0	12380.0	5396.0	3531.0	1093.0	581.0	279.0	29.0	0.0	0.0	258578.0	6664798.0
Gmi-AHam_020-Ex1-cssl.clmp.fp2_r2_screen	68365.0	11194.0	12378.0	5464.0	3406.0	1034.0	541.0	297.0	10.0	0.0	0.0	259147.0	6664095.0
Gmi-AHam_021-Ex1-cssl.clmp.fp2_r1_screen	72316.0	38383.0	29168.0	12841.0	3536.0	1079.0	613.0	538.0	21.0	0.0	0.0	291899.0	6500130.0
Gmi-AHam_021-Ex1-cssl.clmp.fp2_r2_screen	73009.0	37920.0	29060.0	12799.0	3482.0	1084.0	648.0	514.0	6.0	0.0	0.0	290482.0	6501520.0
Gmi-AHam_022-Ex1-cssl.clmp.fp2_r1_screen	47463.0	41524.0	11781.0	3542.0	2084.0	645.0	368.0	418.0	8.0	0.0	0.0	194782.0	4317448.0
Gmi-AHam_022-Ex1-cssl.clmp.fp2_r2_screen	47628.0	40846.0	11614.0	3632.0	2074.0	704.0	376.0	403.0	4.0	0.0	0.0	194410.0	4318372.0
Gmi-AHam_023-Ex1-cssl.clmp.fp2_r1_screen	60947.0	200692.0	17696.0	4788.0	2964.0	594.0	352.0	1173.0	8.0	0.0	0.0	317638.0	4707081.0
Gmi-AHam_023-Ex1-cssl.clmp.fp2_r2_screen	61108.0	198229.0	17807.0	4923.0	2841.0	597.0	318.0	1127.0	11.0	0.0	0.0	312983.0	4713989.0
Gmi-AHam_024-Ex1-cssl.clmp.fp2_r1_screen	37179.0	26011.0	8860.0	2989.0	1887.0	544.0	403.0	391.0	8.0	0.0	0.0	206913.0	9863725.0
Gmi-AHam_024-Ex1-cssl.clmp.fp2_r2_screen	37291.0	25433.0	8798.0	2905.0	1816.0	560.0	388.0	367.0	7.0	0.0	0.0	206605.0	9864740.0
Gmi-AHam_025-Ex1-cssl.clmp.fp2_r1_screen	42495.0	15061.0	8874.0	3050.0	1907.0	649.0	396.0	284.0	10.0	0.0	0.0	156994.0	3865109.0
Gmi-AHam_025-Ex1-cssl.clmp.fp2_r2_screen	42287.0	14964.0	8892.0	3060.0	1854.0	656.0	358.0	258.0	7.0	0.0	0.0	156975.0	3865518.0
Gmi-AHam_034-Ex1-cssl.clmp.fp2_r1_screen	30597.0	184683.0	27336.0	2030.0	1463.0	242.0	190.0	885.0	6.0	0.0	0.0	244110.0	9378769.0
Gmi-AHam_034-Ex1-cssl.clmp.fp2_r2_screen	30350.0	181305.0	27183.0	2056.0	1530.0	268.0	167.0	886.0	6.0	0.0	0.0	237921.0	9388639.0
Gmi-AHam_036-Ex1-cssl.clmp.fp2_r1_screen	33239.0	26763.0	9645.0	2815.0	1782.0	464.0	394.0	341.0	2.0	0.0	0.0	169851.0	6606530.0
Gmi-AHam_036-Ex1-cssl.clmp.fp2_r2_screen	33287.0	26382.0	9591.0	2826.0	1776.0	469.0	399.0	370.0	1.0	0.0	0.0	168825.0	6607900.0
Gmi-AHam_038-Ex1-cssl.clmp.fp2_r1_screen	35028.0	40519.0	7440.0	2363.0	1394.0	474.0	260.0	438.0	6.0	0.0	0.0	133512.0	3118438.0
Gmi-AHam_038-Ex1-cssl.clmp.fp2_r2_screen	34947.0	39825.0	7505.0	2448.0	1369.0	474.0	298.0	411.0	6.0	0.0	0.0	133483.0	3119106.0
Gmi-AHam_040-Ex1-cssl.clmp.fp2_r1_screen	32933.0	47310.0	7891.0	2873.0	2213.0	366.0	286.0	428.0	8.0	0.0	0.0	188522.0	10852196.0
Gmi-AHam_040-Ex1-cssl.clmp.fp2_r2_screen	35005.0	46204.0	7796.0	2980.0	2090.0	402.0	293.0	424.0	7.0	0.0	0.0	187629.0	10852196.0
Gmi-AHam_043-Ex1-cssl.clmp.fp2_r1_screen	30530.0	11858.0	14435.0	2544.0	1540.0	409.0	331.0	210.0	17.0	0.0	0.0	145784.0	6490963.0
Gmi-AHam_043-Ex1-cssl.clmp.fp2_r2_screen	30701.0	11829.0	14410.0	2415.0	1497.0	462.0	359.0	222.0	4.0	0.0	0.0	145759.0	6490963.0
Gmi-AHam_044-Ex1-cssl.clmp.fp2_r1_screen	32925.0	25018.0	26089.0	2958.0	1866.0	446.0	368.0	290.0	26.0	0.0	0.0	206677.0	9151198.0
Gmi-AHam_044-Ex1-cssl.clmp.fp2_r2_screen	33053.0	24742.0	26016.0	3066.0	1858.0	466.0	328.0	295.0	6.0	0.0	0.0	205889.0	9152142.0
Gmi-AHam_045-Ex1-cssl.clmp.fp2_r1_screen	66560.0	12429.0	11608.0	5444.0	3373.0	1029.0	846.0	380.0	63.0	0.0	0.0	353556.0	13176074.0
Gmi-AHam_045-Ex1-cssl.clmp.fp2_r2_screen	66941.0	12282.0	11433.0	5616.0	3415.0	1041.0	806.0	355.0	9.0	0.0	0.0	353390.0	13176074.0
Gmi-AHam_046-Ex1-cssl.clmp.fp2_r1_screen	49034.0	14157.0	10861.0	4124.0	2725.0	760.0	615.0	374.0	7.0	0.0	0.0	250533.0	10210790.0
Gmi-AHam_046-Ex1-cssl.clmp.fp2_r2_screen	49010.0	14032.0	10895.0	4144.0	2692.0	781.0	627.0	338.0	10.0	0.0	0.0	250661.0	10210790.0
Gmi-AHam_047-Ex1-cssl.clmp.fp2_r1_screen	26282.0	68629.0	7039.0	1907.0	1272.0	272.0	156.0	428.0	2.0	0.0	0.0	131205.0	10593488.0
Gmi-AHam_047-Ex1-cssl.clmp.fp2_r2_screen	28117.0	67271.0	7055.0	2132.0	1294.0	318.0	150.0	458.0	1.0	0.0	0.0	130396.0	10593488.0
Gmi-AHam_048-Ex1-cssl.clmp.fp2_r1_screen	15723.0	48886.0	32583.0	1470.0	653.0	298.0	130.0	234.0	9.0	0.0	0.0	125152.0	12352402.0
Gmi-AHam_048-Ex1-cssl.clmp.fp2_r2_screen	15670.0	47764.0	32326.0	1511.0	616.0	237.0	114.0	234.0	7.0	0.0	0.0	124144.0	12354917.0
Gmi-AHam_049-Ex1-cssl.clmp.fp2_r1_screen	11205.0	32179.0	3730.0	902.0	633.0	139.0	100.0	120.0	7.0	0.0	0.0	103369.0	6620208.0
Gmi-AHam_049-Ex1-cssl.clmp.fp2_r2_screen	11246.0	31472.0	3710.0	852.0	617.0	148.0	97.0	141.0	5.0	0.0	0.0	102741.0	6621563.0
Gmi-AHam_050-Ex1-cssl.clmp.fp2_r1_screen	46026.0	66101.0	5964.0	3370.0	2213.0	666.0	431.0	367.0	9.0	0.0	0.0	184749.0	4161905.0
Gmi-AHam_050-Ex1-cssl.clmp.fp2_r2_screen	46601.0	65294.0	5917.0	3440.0	2153.0	641.0	375.0	350.0	4.0	0.0	0.0	182438.0	4164588.0
Gmi-AHam_051-Ex1-cssl.clmp.fp2_r1_screen	34489.0	21548.0	9381.0	3056.0	2458.0	538.0	424.0	292.0	1.0	0.0	0.0	185222.0	7269162.0
Gmi-AHam_051-Ex1-cssl.clmp.fp2_r2_screen	35685.0	21089.0	9393.0	3138.0	2483.0	599.0	364.0	322.0	2.0	0.0	0.0	185087.0	7268409.0
Gmi-AHam_052-Ex1-cssl.clmp.fp2_r1_screen	47586.0	200290.0	7796.0	3734.0	2675.0	426.0	235.0	655.0	3.0	0.0	0.0	278667.0	3473238.0
Gmi-AHam_052-Ex1-cssl.clmp.fp2_r2_screen	47589.0	195865.0	7705.0	3918.0	2659.0	365.0	209.0	641.0	6.0	0.0	0.0	269458.0	3486890.0
Gmi-AHam_053-Ex1-cssl.clmp.fp2_r1_screen	25606.0	79436.0	8536.0	2269.0	1353.0	291.0	230.0	287.0	1.0	0.0	0.0	144317.0	4687204.0
Gmi-AHam_053-Ex1-cssl.clmp.fp2_r2_screen	25819.0	79176.0	8506.0	2278.0	1326.0	311.0	252.0	259.0	4.0	0.0	0.0	143405.0	4688194.0
Gmi-AHam_054-Ex1-cssl.clmp.fp2_r1_screen	45000.0	36104.0	6170.0	4023.0	1974.0	704.0	455.0	237.0	5.0	0.0	0.0	157739.0	4207147.0
Gmi-AHam_054-Ex1-cssl.clmp.fp2_r2_screen	45335.0	35861.0	5983.0	4061.0	2040.0	685.0	455.0	225.0	5.0	0.0	0.0	156870.0	4208038.0
Gmi-AHam_056-Ex1-cssl.clmp.fp2_r1_screen	42064.0	70810.0	8208.0	3404.0	2264.0	634.0	526.0	365.0	39.0	0.0	0.0	226773.0	6607388.0
Gmi-AHam_056-Ex1-cssl.clmp.fp2_r2_screen	42227.0	69872.0	8083.0	3393.0	2272.0	615.0	511.0	375.0	7.0	0.0	0.0	224947.0	6610173.0
Gmi-AHam_057-Ex1-cssl.clmp.fp2_r1_screen	43175.0	34988.0	38912.0	3803.0	3088.0	572.0	420.0	402.0	58.0	0.0	0.0	279756.0	11138228.0
Gmi-AHam_057-Ex1-cssl.clmp.fp2_r2_screen	44041.0	34837.0	38661.0	3975.0	3080.0	569.0	427.0	374.0	9.0	0.0	0.0	278047.0	11139382.0
Gmi-AHam_058-Ex1-cssl.clmp.fp2_r1_screen	43883.0	30608.0	16885.0	3675.0	2359.0	616.0	508.0	405.0	9.0	0.0	0.0	228460.0	7898912.0
Gmi-AHam_058-Ex1-cssl.clmp.fp2_r2_screen	44868.0	30097.0	17007.0	3732.0	2280.0	625.0	526.0	401.0	8.0	0.0	0.0	227864.0	7898912.0
Gmi-AHam_059-Ex1-cssl.clmp.fp2_r1_screen	31366.0	214483.0	18498.0	1704.0	735.0	161.0	64.0	1032.0	1.0	0.0	0.0	162263.0	9261288.0
Gmi-AHam_059-Ex1-cssl.clmp.fp2_r2_screen	32746.0	210653.0	18480.0	1860.0	751.0	184.0	77.0	941.0	2.0	0.0	0.0	154922.0	9270979.0
Gmi-AHam_061-Ex1-cssl.clmp.fp2_r1_screen	25866.0	117209.0	21120.0	1979.0	1135.0	242.0	135.0	433.0	2.0	0.0	0.0	147616.0	8578249.0
Gmi-AHam_061-Ex1-cssl.clmp.fp2_r2_screen	27001.0	115102.0	21227.0	2122.0	1094.0	239.0	141.0	433.0	4.0	0.0	0.0	144816.0	8581807.0
Gmi-AHam_062-Ex1-cssl.clmp.fp2_r1_screen	50329.0	34187.0	15179.0	3468.0	2235.0	585.0	354.0	286.0	6.0	0.0	0.0	195451.0	3662219.0
Gmi-AHam_062-Ex1-cssl.clmp.fp2_r2_screen	50132.0	33674.0	14909.0	3551.0	2252.0	611.0	344.0	284.0	7.0	0.0	0.0	194334.0	3664201.0
Gmi-AHam_063-Ex1-cssl.clmp.fp2_r1_screen	40919.0	94804.0	8831.0	3379.0	2284.0	577.0	378.0	380.0	6.0	0.0	0.0	229687.0	6978694.0
Gmi-AHam_063-Ex1-cssl.clmp.fp2_r2_screen	42150.0	93522.0	8856.0	3190.0	2260.0	590.0	390.0	386.0	6.0	0.0	0.0	227687.0	6980902.0
Gmi-AHam_064-Ex1-cssl.clmp.fp2_r1_screen	39207.0	38847.0	6235.0	3006.0	2020.0	565.0	495.0	316.0	3.0	0.0	0.0	206993.0	7374634.0
Gmi-AHam_064-Ex1-cssl.clmp.fp2_r2_screen	39212.0	38195.0	6113.0	3140.0	1969.0	524.0	475.0	294.0	7.0	0.0	0.0	205456.0	7376936.0
Gmi-AHam_066-Ex1-cssl.clmp.fp2_r1_screen	30410.0	36154.0	6717.0	2595.0	1630.0	434.0	297.0	293.0	3.0	0.0	0.0	160280.0	6340031.0
Gmi-AHam_066-Ex1-cssl.clmp.fp2_r2_screen	31151.0	35628.0	6734.0	2530.0	1633.0	457.0	294.0	288.0	10.0	0.0	0.0	160088.0	6340031.0
Gmi-AHam_067-Ex1-cssl.clmp.fp2_r1_screen	37912.0	93912.0	9547.0	3014.0	2546.0	373.0	283.0	441.0	50.0	0.0	0.0	224810.0	16423836.0
Gmi-AHam_067-Ex1-cssl.clmp.fp2_r2_screen	39222.0	92598.0	9481.0	3172.0	2387.0	429.0	270.0	473.0	2.0	0.0	0.0	224854.0	16423836.0
Gmi-AHam_068-Ex1-cssl.clmp.fp2_r1_screen	23810.0	64062.0	8597.0	2032.0	1472.0	311.0	211.0	330.0	48.0	0.0	0.0	181848.0	9637282.0
Gmi-AHam_068-Ex1-cssl.clmp.fp2_r2_screen	23884.0	63298.0	8606.0	2110.0	1430.0	287.0	205.0	390.0	2.0	0.0	0.0	179533.0	9640258.0
Gmi-AHam_069-Ex1-cssl.clmp.fp2_r1_screen	23550.0	103446.0	24558.0	2192.0	1002.0	197.0	163.0	1207.0	12.0	0.0	0.0	138673.0	9282922.0
Gmi-AHam_069-Ex1-cssl.clmp.fp2_r2_screen	25775.0	101754.0	24735.0	2437.0	991.0	253.0	190.0	1176.0	10.0	0.0	0.0	136722.0	9283879.0
Gmi-AHam_070-Ex1-cssl.clmp.fp2_r1_screen	40522.0	18101.0	6022.0	3253.0	2295.0	573.0	450.0	327.0	7.0	0.0	0.0	199909.0	8658087.0
Gmi-AHam_070-Ex1-cssl.clmp.fp2_r2_screen	41467.0	18058.0	6173.0	3361.0	2237.0	622.0	391.0	335.0	7.0	0.0	0.0	199701.0	8657194.0
Gmi-AHam_071-Ex1-cssl.clmp.fp2_r1_screen	59677.0	465405.0	12565.0	4258.0	1825.0	326.0	216.0	1551.0	4.0	0.0	0.0	360684.0	3754212.0
Gmi-AHam_071-Ex1-cssl.clmp.fp2_r2_screen	58993.0	457909.0	12433.0	4389.0	1827.0	350.0	265.0	1636.0	6.0	0.0	0.0	349128.0	3773787.0
Gmi-AHam_072-Ex1-cssl.clmp.fp2_r1_screen	26282.0	85483.0	12772.0	2101.0	1405.0	254.0	194.0	466.0	1.0	0.0	0.0	157182.0	14312813.0
Gmi-AHam_072-Ex1-cssl.clmp.fp2_r2_screen	28609.0	84427.0	12803.0	2232.0	1427.0	265.0	164.0	446.0	4.0	0.0	0.0	155763.0	14312813.0
Gmi-AHam_073-Ex1-cssl.clmp.fp2_r1_screen	20836.0	146678.0	8122.0	1284.0	515.0	110.0	67.0	684.0	6.0	0.0	0.0	101393.0	6005569.0
Gmi-AHam_073-Ex1-cssl.clmp.fp2_r2_screen	22430.0	145130.0	8189.0	1305.0	543.0	123.0	71.0	703.0	6.0	0.0	0.0	99309.0	6007455.0
Gmi-AHam_074-Ex1-cssl2.clmp.fp2_r1_screen	9181.0	43069.0	3417.0	793.0	478.0	91.0	44.0	146.0	8.0	0.0	0.0	52343.0	3831766.0
Gmi-AHam_074-Ex1-cssl2.clmp.fp2_r2_screen	9849.0	42786.0	3407.0	817.0	489.0	126.0	48.0	129.0	1.0	0.0	0.0	50735.0	3832949.0
Gmi-AHam_075-Ex1-cssl.clmp.fp2_r1_screen	39773.0	55063.0	10461.0	3220.0	1947.0	507.0	362.0	463.0	7.0	0.0	0.0	177389.0	10582651.0
Gmi-AHam_075-Ex1-cssl.clmp.fp2_r2_screen	41733.0	54423.0	10643.0	3331.0	1966.0	589.0	337.0	480.0	8.0	0.0	0.0	176769.0	10581564.0
Gmi-AHam_076-Ex1-cssl.clmp.fp2_r1_screen	60675.0	28423.0	9857.0	4980.0	2843.0	939.0	730.0	485.0	4.0	0.0	0.0	283474.0	10568736.0
Gmi-AHam_076-Ex1-cssl.clmp.fp2_r2_screen	60457.0	28328.0	9715.0	5005.0	2785.0	900.0	751.0	457.0	8.0	0.0	0.0	282907.0	10569833.0
Gmi-AHam_077-Ex1-cssl.clmp.fp2_r1_screen	31281.0	154733.0	210158.0	2399.0	931.0	244.0	172.0	1040.0	3.0	0.0	0.0	212188.0	7349813.0
Gmi-AHam_077-Ex1-cssl.clmp.fp2_r2_screen	32012.0	153655.0	209978.0	2415.0	979.0	249.0	196.0	1028.0	1.0	0.0	0.0	208654.0	7353795.0
Gmi-AHam_080-Ex1-cssl.clmp.fp2_r1_screen	22339.0	96885.0	8080.0	1812.0	1050.0	196.0	140.0	385.0	30.0	0.0	0.0	127471.0	7643384.0
Gmi-AHam_080-Ex1-cssl.clmp.fp2_r2_screen	23876.0	95021.0	8032.0	1933.0	1047.0	230.0	141.0	389.0	3.0	0.0	0.0	124556.0	7646544.0
Gmi-AHam_081-Ex1-cssl.clmp.fp2_r1_screen	31686.0	23065.0	6180.0	2624.0	1372.0	452.0	351.0	285.0	48.0	0.0	0.0	155202.0	6693259.0
Gmi-AHam_081-Ex1-cssl.clmp.fp2_r2_screen	31595.0	22986.0	6099.0	2575.0	1370.0	480.0	303.0	243.0	49.0	0.0	0.0	155565.0	6693259.0
Gmi-AHam_082-Ex1-cssl.clmp.fp2_r1_screen	29311.0	29890.0	7254.0	2529.0	2089.0	382.0	272.0	259.0	3.0	0.0	0.0	166113.0	7646043.0
Gmi-AHam_082-Ex1-cssl.clmp.fp2_r2_screen	30260.0	29648.0	7260.0	2605.0	2009.0	442.0	288.0	270.0	3.0	0.0	0.0	166105.0	7645255.0
Gmi-AHam_084-Ex1-cssl.clmp.fp2_r1_screen	43328.0	26198.0	9316.0	3350.0	2053.0	570.0	463.0	388.0	4.0	0.0	0.0	206232.0	8193596.0
Gmi-AHam_084-Ex1-cssl.clmp.fp2_r2_screen	44246.0	25893.0	9252.0	3325.0	2158.0	661.0	500.0	396.0	7.0	0.0	0.0	206312.0	8192748.0
Gmi-AHam_086-Ex1-cssl.clmp.fp2_r1_screen	39906.0	21229.0	28742.0	3227.0	1896.0	616.0	446.0	342.0	4.0	0.0	0.0	200472.0	6961781.0
Gmi-AHam_086-Ex1-cssl.clmp.fp2_r2_screen	39939.0	20953.0	28771.0	3206.0	1977.0	590.0	455.0	309.0	7.0	0.0	0.0	199947.0	6962507.0
Gmi-AHam_087-Ex1-cssl.clmp.fp2_r1_screen	59290.0	27279.0	33862.0	5199.0	3170.0	930.0	791.0	468.0	10.0	0.0	0.0	285721.0	10666258.0
Gmi-AHam_087-Ex1-cssl.clmp.fp2_r2_screen	60939.0	27005.0	33779.0	5240.0	3190.0	905.0	779.0	415.0	9.0	0.0	0.0	284459.0	10666258.0
Gmi-AHam_088-Ex1-cssl.clmp.fp2_r1_screen	37239.0	24258.0	7554.0	2989.0	1905.0	584.0	479.0	242.0	12.0	0.0	0.0	168617.0	6530516.0
Gmi-AHam_088-Ex1-cssl.clmp.fp2_r2_screen	37447.0	24071.0	7659.0	2984.0	1921.0	601.0	486.0	248.0	3.0	0.0	0.0	168459.0	6530516.0
Gmi-AHam_090-Ex1-cssl.clmp.fp2_r1_screen	35342.0	26182.0	6988.0	2848.0	1769.0	531.0	452.0	285.0	3.0	0.0	0.0	156243.0	5838900.0
Gmi-AHam_090-Ex1-cssl.clmp.fp2_r2_screen	35625.0	26389.0	7000.0	2806.0	1707.0	532.0	412.0	262.0	6.0	0.0	0.0	155297.0	5839507.0
Gmi-AHam_091-Ex1-cssl.clmp.fp2_r1_screen	47228.0	110660.0	10557.0	4745.0	2336.0	433.0	247.0	627.0	19.0	0.0	0.0	272382.0	4264657.0
Gmi-AHam_091-Ex1-cssl.clmp.fp2_r2_screen	47044.0	108970.0	10600.0	4777.0	2346.0	439.0	272.0	606.0	7.0	0.0	0.0	269931.0	4268899.0
Gmi-AHam_092-Ex1-cssl.clmp.fp2_r1_screen	34738.0	97939.0	9840.0	2734.0	1965.0	440.0	318.0	614.0	58.0	0.0	0.0	261558.0	14187768.0
Gmi-AHam_092-Ex1-cssl.clmp.fp2_r2_screen	34897.0	96477.0	9777.0	2796.0	1959.0	453.0	301.0	609.0	8.0	0.0	0.0	258547.0	14192148.0
Gmi-AHam_093-Ex1-cssl.clmp.fp2_r1_screen	32169.0	66881.0	13752.0	3079.0	1279.0	382.0	307.0	487.0	2.0	0.0	0.0	128504.0	9587462.0
Gmi-AHam_093-Ex1-cssl.clmp.fp2_r2_screen	34338.0	65700.0	13801.0	3338.0	1419.0	394.0	299.0	496.0	2.0	0.0	0.0	128038.0	9586479.0
Gmi-AHam_094-Ex1-cssl.clmp.fp2_r1_screen	34883.0	23736.0	6163.0	2790.0	1907.0	491.0	444.0	280.0	3.0	0.0	0.0	158341.0	7534938.0
Gmi-AHam_094-Ex1-cssl.clmp.fp2_r2_screen	36150.0	23365.0	6258.0	3013.0	1919.0	569.0	376.0	290.0	5.0	0.0	0.0	157869.0	7534162.0
Gmi-AHam_095-Ex1-cssl.clmp.fp2_r1_screen	44716.0	11344.0	11842.0	3794.0	2293.0	700.0	518.0	247.0	3.0	0.0	0.0	196952.0	10580502.0
Gmi-AHam_095-Ex1-cssl.clmp.fp2_r2_screen	45168.0	11342.0	11814.0	3760.0	2284.0	731.0	542.0	259.0	6.0	0.0	0.0	198673.0	10578332.0
Gmi-AHam_096-Ex1-cssl.clmp.fp2_r1_screen	49018.0	24598.0	30638.0	3516.0	2167.0	673.0	543.0	355.0	4.0	0.0	0.0	219949.0	7752940.0
Gmi-AHam_096-Ex1-cssl.clmp.fp2_r2_screen	49086.0	24316.0	30593.0	3560.0	2129.0	689.0	507.0	347.0	6.0	0.0	0.0	219420.0	7753748.0
Gmi-CBas_003-Ex1-cssl.clmp.fp2_r1_screen	7082.0	2017.0	115743.0	518.0	549.0	82.0	75.0	62.0	0.0	0.0	0.0	76994.0	488708.0
Gmi-CBas_003-Ex1-cssl.clmp.fp2_r2_screen	6989.0	1989.0	115651.0	577.0	516.0	105.0	48.0	53.0	2.0	0.0	0.0	75670.0	490230.0
Gmi-CBas_004-Ex1-cssl.clmp.fp2_r1_screen	27008.0	3108.0	5334.0	2133.0	1679.0	379.0	246.0	191.0	7.0	0.0	0.0	111355.0	1911765.0
Gmi-CBas_004-Ex1-cssl.clmp.fp2_r2_screen	27191.0	2968.0	5176.0	2105.0	1648.0	424.0	234.0	160.0	12.0	0.0	0.0	111109.0	1912178.0
Gmi-CBas_005-Ex1-cssl.clmp.fp2_r1_screen	35158.0	3153.0	4336.0	2994.0	2039.0	479.0	205.0	158.0	9.0	0.0	0.0	131143.0	2420520.0
Gmi-CBas_005-Ex1-cssl.clmp.fp2_r2_screen	35449.0	3213.0	4268.0	2946.0	2032.0	516.0	212.0	147.0	2.0	0.0	0.0	131409.0	2420000.0
Gmi-CBas_006-Ex1-cssl2.clmp.fp2_r1_screen	22432.0	11015.0	10489.0	1842.0	1501.0	358.0	151.0	111.0	4.0	0.0	0.0	95006.0	1544320.0
Gmi-CBas_006-Ex1-cssl2.clmp.fp2_r2_screen	22944.0	10910.0	10235.0	1797.0	1489.0	325.0	156.0	137.0	1.0	0.0	0.0	96096.0	1543139.0
Gmi-CBas_007-Ex1-cssl2.clmp.fp2_r1_screen	42845.0	2405.0	5304.0	3471.0	2726.0	672.0	302.0	160.0	8.0	0.0	0.0	156696.0	3379865.0
Gmi-CBas_007-Ex1-cssl2.clmp.fp2_r2_screen	43011.0	2427.0	5399.0	3507.0	2351.0	622.0	300.0	180.0	14.0	0.0	0.0	157857.0	3378786.0
Gmi-CBas_009-Ex1-cssl.clmp.fp2_r1_screen	53219.0	3552.0	6469.0	4370.0	3855.0	795.0	396.0	315.0	10.0	0.0	0.0	206388.0	4005422.0
Gmi-CBas_009-Ex1-cssl.clmp.fp2_r2_screen	53211.0	3527.0	6267.0	4377.0	3901.0	760.0	355.0	295.0	13.0	0.0	0.0	207948.0	4004137.0
Gmi-CBas_010-Ex1-cssl.clmp.fp2_r1_screen	25917.0	2774.0	2965.0	2098.0	1714.0	376.0	166.0	140.0	6.0	0.0	0.0	100531.0	1769679.0
Gmi-CBas_010-Ex1-cssl.clmp.fp2_r2_screen	26176.0	2668.0	2871.0	2104.0	1539.0	326.0	184.0	155.0	4.0	0.0	0.0	100088.0	1770251.0
Gmi-CBas_012-Ex1-cssl2.clmp.fp2_r1_screen	27403.0	1548.0	3538.0	2162.0	1862.0	478.0	203.0	143.0	11.0	0.0	0.0	109878.0	1992678.0
Gmi-CBas_012-Ex1-cssl2.clmp.fp2_r2_screen	27395.0	1631.0	3251.0	2097.0	1805.0	433.0	186.0	170.0	1.0	0.0	0.0	110685.0	1992250.0
Gmi-CBas_013-Ex1-cssl2.clmp.fp2_r1_screen	28005.0	3355.0	3138.0	4356.0	1757.0	420.0	204.0	168.0	4.0	0.0	0.0	110024.0	2098647.0
Gmi-CBas_013-Ex1-cssl2.clmp.fp2_r2_screen	28041.0	3188.0	2940.0	4247.0	1612.0	389.0	207.0	163.0	13.0	0.0	0.0	110181.0	2099097.0
Gmi-CBas_014-Ex1-cssl2.clmp.fp2_r1_screen	26630.0	2138.0	3228.0	2505.0	2024.0	432.0	212.0	143.0	6.0	0.0	0.0	109704.0	1980636.0
Gmi-CBas_014-Ex1-cssl2.clmp.fp2_r2_screen	27184.0	2107.0	3061.0	2394.0	1802.0	360.0	201.0	164.0	7.0	0.0	0.0	109103.0	1981275.0
Gmi-CBas_015-Ex1-cssl2.clmp.fp2_r1_screen	77352.0	3231.0	9125.0	5816.0	4569.0	1207.0	619.0	322.0	19.0	0.0	0.0	287781.0	5752325.0
Gmi-CBas_015-Ex1-cssl2.clmp.fp2_r2_screen	77515.0	3140.0	8851.0	5851.0	4389.0	1130.0	518.0	324.0	19.0	0.0	0.0	290146.0	5750483.0
Gmi-CBas_016-Ex1-cssl2.clmp.fp2_r1_screen	102741.0	4563.0	12465.0	8144.0	7017.0	1584.0	806.0	537.0	23.0	0.0	0.0	401985.0	7627519.0
Gmi-CBas_016-Ex1-cssl2.clmp.fp2_r2_screen	103611.0	4495.0	11810.0	7723.0	6875.0	1563.0	773.0	570.0	27.0	0.0	0.0	404051.0	7625886.0
Gmi-CBas_017-Ex1-cssl2.clmp.fp2_r1_screen	65912.0	3005.0	8226.0	5342.0	4232.0	1034.0	463.0	336.0	11.0	0.0	0.0	250481.0	4868970.0
Gmi-CBas_017-Ex1-cssl2.clmp.fp2_r2_screen	66022.0	3032.0	8101.0	5267.0	4227.0	990.0	452.0	325.0	13.0	0.0	0.0	254259.0	4865324.0
Gmi-CBas_019-Ex1-cssl2.clmp.fp2_r1_screen	90637.0	5410.0	10618.0	7233.0	5914.0	1352.0	728.0	489.0	23.0	0.0	0.0	347875.0	6742578.0
Gmi-CBas_019-Ex1-cssl2.clmp.fp2_r2_screen	91922.0	5304.0	10492.0	7354.0	5817.0	1313.0	731.0	474.0	11.0	0.0	0.0	352631.0	6736808.0
Gmi-CBas_023-Ex1-cssl2.clmp.fp2_r1_screen	101184.0	4397.0	12034.0	8053.0	6263.0	1455.0	662.0	498.0	14.0	0.0	0.0	384487.0	6822487.0
Gmi-CBas_023-Ex1-cssl2.clmp.fp2_r2_screen	101878.0	4405.0	12000.0	8068.0	6242.0	1398.0	693.0	492.0	22.0	0.0	0.0	389722.0	6816614.0
Gmi-CBas_024-Ex1-cssl2.clmp.fp2_r1_screen	44008.0	3517.0	5201.0	3403.0	2712.0	688.0	290.0	195.0	13.0	0.0	0.0	168378.0	3211419.0
Gmi-CBas_024-Ex1-cssl2.clmp.fp2_r2_screen	44474.0	3454.0	5183.0	3278.0	2603.0	716.0	334.0	212.0	4.0	0.0	0.0	170555.0	3209011.0
Gmi-CBas_026-Ex1-cssl2.clmp.fp2_r1_screen	65879.0	2925.0	7741.0	5065.0	4191.0	1042.0	448.0	348.0	11.0	0.0	0.0	253180.0	4738597.0
Gmi-CBas_026-Ex1-cssl2.clmp.fp2_r2_screen	66130.0	2934.0	7435.0	5050.0	4061.0	1049.0	470.0	319.0	11.0	0.0	0.0	255911.0	4736057.0
Gmi-CBas_027-Ex1-cssl2.clmp.fp2_r1_screen	89226.0	3520.0	10660.0	6522.0	6120.0	1451.0	691.0	511.0	26.0	0.0	0.0	352901.0	6536214.0
Gmi-CBas_027-Ex1-cssl2.clmp.fp2_r2_screen	90148.0	3397.0	10433.0	6753.0	5943.0	1366.0	716.0	476.0	16.0	0.0	0.0	356585.0	6532009.0
Gmi-CBas_028-Ex1-cssl.clmp.fp2_r1_screen	43908.0	2241.0	5223.0	3521.0	2815.0	682.0	321.0	217.0	9.0	0.0	0.0	166669.0	3316086.0
Gmi-CBas_028-Ex1-cssl.clmp.fp2_r2_screen	44226.0	2169.0	5005.0	3469.0	2791.0	625.0	348.0	211.0	10.0	0.0	0.0	168523.0	3314315.0
Gmi-CBas_029-Ex1-cssl2.clmp.fp2_r1_screen	93039.0	3373.0	11437.0	7116.0	6128.0	1396.0	708.0	421.0	22.0	0.0	0.0	344966.0	6969581.0
Gmi-CBas_029-Ex1-cssl2.clmp.fp2_r2_screen	93821.0	3458.0	11415.0	7350.0	6040.0	1389.0	659.0	461.0	21.0	0.0	0.0	349943.0	6963630.0
Gmi-CBas_033-Ex1-cssl2.clmp.fp2_r1_screen	37197.0	1989.0	4677.0	2795.0	2703.0	603.0	254.0	191.0	12.0	0.0	0.0	143814.0	2953806.0
Gmi-CBas_033-Ex1-cssl2.clmp.fp2_r2_screen	37526.0	2031.0	4602.0	2825.0	2605.0	589.0	265.0	164.0	8.0	0.0	0.0	145508.0	2951918.0
Gmi-CBas_034-Ex1-cssl2.clmp.fp2_r1_screen	105804.0	5912.0	11956.0	8086.0	5925.0	1498.0	757.0	465.0	18.0	0.0	0.0	394293.0	7093147.0
Gmi-CBas_034-Ex1-cssl2.clmp.fp2_r2_screen	106988.0	5879.0	11803.0	8320.0	5780.0	1606.0	759.0	470.0	16.0	0.0	0.0	399958.0	7086282.0
Gmi-CBas_039-Ex1-cssl2.clmp.fp2_r1_screen	70889.0	7376.0	8053.0	5828.0	4267.0	946.0	495.0	350.0	24.0	0.0	0.0	277714.0	4603421.0
Gmi-CBas_039-Ex1-cssl2.clmp.fp2_r2_screen	71391.0	7470.0	7813.0	5823.0	4258.0	958.0	462.0	319.0	18.0	0.0	0.0	277928.0	4602923.0
Gmi-CBas_041-Ex1-cssl2.clmp.fp2_r1_screen	67914.0	5175.0	7607.0	5125.0	4213.0	976.0	531.0	407.0	18.0	0.0	0.0	289209.0	4061416.0
Gmi-CBas_041-Ex1-cssl2.clmp.fp2_r2_screen	68959.0	5025.0	7296.0	5183.0	4105.0	961.0	550.0	508.0	13.0	0.0	0.0	291240.0	4058751.0
Gmi-CBas_045-Ex1-cssl2.clmp.fp2_r1_screen	36445.0	9802.0	4083.0	3175.0	2519.0	472.0	242.0	256.0	2.0	0.0	0.0	151405.0	2406415.0
Gmi-CBas_045-Ex1-cssl2.clmp.fp2_r2_screen	36366.0	9683.0	4028.0	3266.0	2430.0	435.0	254.0	250.0	7.0	0.0	0.0	150898.0	2407199.0
Gmi-CBas_046-Ex1-cssl.clmp.fp2_r1_screen	27893.0	2401.0	3121.0	2297.0	1965.0	397.0	208.0	170.0	9.0	0.0	0.0	120956.0	1799013.0
Gmi-CBas_046-Ex1-cssl.clmp.fp2_r2_screen	28222.0	2440.0	2975.0	2173.0	1941.0	402.0	167.0	146.0	2.0	0.0	0.0	119969.0	1799993.0
Gmi-CBas_047-Ex1-cssl.clmp.fp2_r1_screen	31415.0	4999.0	3629.0	2332.0	2274.0	429.0	220.0	197.0	6.0	0.0	0.0	134090.0	2065288.0
Gmi-CBas_047-Ex1-cssl.clmp.fp2_r2_screen	31226.0	4844.0	3535.0	2352.0	2053.0	458.0	236.0	209.0	5.0	0.0	0.0	133999.0	2065962.0
Gmi-CBas_048-Ex1-cssl2.clmp.fp2_r1_screen	54012.0	4324.0	6203.0	4279.0	4259.0	812.0	377.0	353.0	13.0	0.0	0.0	243021.0	3648042.0
Gmi-CBas_048-Ex1-cssl2.clmp.fp2_r2_screen	53995.0	4320.0	5932.0	4246.0	4139.0	809.0	403.0	360.0	6.0	0.0	0.0	242650.0	3648835.0
Gmi-CBas_049-Ex1-cssl2.clmp.fp2_r1_screen	115267.0	141148.0	14117.0	9164.0	8053.0	1692.0	880.0	711.0	49.0	0.0	0.0	469273.0	8744071.0
Gmi-CBas_049-Ex1-cssl2.clmp.fp2_r2_screen	115404.0	138733.0	13589.0	8914.0	7837.0	1633.0	805.0	666.0	28.0	0.0	0.0	466092.0	8750724.0
Gmi-CBas_053-Ex1-cssl.clmp.fp2_r1_screen	34613.0	3758.0	4141.0	2768.0	2616.0	556.0	274.0	232.0	12.0	0.0	0.0	143381.0	2539904.0
Gmi-CBas_053-Ex1-cssl.clmp.fp2_r2_screen	35011.0	3661.0	3978.0	2816.0	2463.0	493.0	226.0	218.0	8.0	0.0	0.0	142658.0	2540723.0
Gmi-CBas_054-Ex1-cssl2.clmp.fp2_r1_screen	64536.0	21659.0	7878.0	5997.0	3728.0	856.0	492.0	327.0	6.0	0.0	0.0	265324.0	4012203.0
Gmi-CBas_054-Ex1-cssl2.clmp.fp2_r2_screen	64586.0	21424.0	7517.0	5861.0	3444.0	846.0	497.0	344.0	13.0	0.0	0.0	266271.0	4012203.0
Gmi-CBas_055-Ex1-cssl.clmp.fp2_r1_screen	44454.0	11875.0	5086.0	3593.0	3668.0	541.0	331.0	386.0	8.0	0.0	0.0	203850.0	2985635.0
Gmi-CBas_055-Ex1-cssl.clmp.fp2_r2_screen	44616.0	11629.0	5083.0	3540.0	3450.0	559.0	353.0	374.0	5.0	0.0	0.0	203531.0	2986287.0
Gmi-CBas_057-Ex1-cssl2.clmp.fp2_r1_screen	37492.0	2630.0	3824.0	2689.0	1827.0	511.0	190.0	148.0	14.0	0.0	0.0	151319.0	2199400.0
Gmi-CBas_057-Ex1-cssl2.clmp.fp2_r2_screen	37642.0	2617.0	3917.0	2619.0	1805.0	460.0	190.0	142.0	7.0	0.0	0.0	151965.0	2198680.0
Gmi-CBas_058-Ex1-cssl.clmp.fp2_r1_screen	28722.0	5404.0	3446.0	2116.0	2189.0	466.0	235.0	203.0	10.0	0.0	0.0	126545.0	2118983.0
Gmi-CBas_058-Ex1-cssl.clmp.fp2_r2_screen	28876.0	5382.0	3358.0	2039.0	2226.0	414.0	209.0	196.0	9.0	0.0	0.0	127314.0	2118296.0
Gmi-CBas_060-Ex1-cssl.clmp.fp2_r1_screen	33447.0	5125.0	5727.0	2878.0	1923.0	477.0	224.0	186.0	6.0	0.0	0.0	132353.0	2252170.0
Gmi-CBas_060-Ex1-cssl.clmp.fp2_r2_screen	33165.0	4993.0	5498.0	2858.0	1870.0	485.0	238.0	185.0	7.0	0.0	0.0	132560.0	2252657.0
Gmi-CBas_061-Ex1-cssl.clmp.fp2_r1_screen	37617.0	5957.0	4581.0	3143.0	3135.0	547.0	333.0	348.0	5.0	0.0	0.0	169387.0	2682599.0
Gmi-CBas_061-Ex1-cssl.clmp.fp2_r2_screen	37706.0	5796.0	4196.0	3142.0	2911.0	501.0	346.0	351.0	11.0	0.0	0.0	168057.0	2684635.0
Gmi-CBas_064-Ex1-cssl2.clmp.fp2_r1_screen	129092.0	6160.0	15986.0	10862.0	9005.0	1762.0	1121.0	752.0	43.0	0.0	0.0	499929.0	10034998.0
Gmi-CBas_064-Ex1-cssl2.clmp.fp2_r2_screen	129716.0	6023.0	15875.0	10734.0	8871.0	1895.0	1060.0	709.0	19.0	0.0	0.0	503023.0	10031785.0
Gmi-CBas_066-Ex1-cssl2.clmp.fp2_r1_screen	37446.0	4178.0	3860.0	2965.0	2486.0	531.0	333.0	260.0	9.0	0.0	0.0	170172.0	2211927.0
Gmi-CBas_066-Ex1-cssl2.clmp.fp2_r2_screen	37445.0	4124.0	3700.0	2978.0	2480.0	484.0	338.0	263.0	8.0	0.0	0.0	169933.0	2212414.0
Gmi-CBas_067-Ex1-cssl.clmp.fp2_r1_screen	35718.0	13216.0	3905.0	2997.0	2106.0	499.0	263.0	159.0	8.0	0.0	0.0	144572.0	2381598.0
Gmi-CBas_067-Ex1-cssl.clmp.fp2_r2_screen	35144.0	13068.0	3909.0	3094.0	2090.0	441.0	229.0	219.0	6.0	0.0	0.0	144985.0	2381856.0
Gmi-CBas_068-Ex1-cssl2.clmp.fp2_r1_screen	117757.0	9685.0	13677.0	9827.0	8591.0	1608.0	917.0	759.0	23.0	0.0	0.0	495288.0	7812025.0
Gmi-CBas_068-Ex1-cssl2.clmp.fp2_r2_screen	117755.0	9409.0	13415.0	9681.0	8275.0	1650.0	894.0	794.0	22.0	0.0	0.0	497084.0	7811178.0
Gmi-CBas_069-Ex1-cssl2.clmp.fp2_r1_screen	54713.0	192929.0	5913.0	4609.0	3890.0	667.0	446.0	480.0	25.0	0.0	0.0	258934.0	4189796.0
Gmi-CBas_069-Ex1-cssl2.clmp.fp2_r2_screen	54899.0	191003.0	5975.0	4623.0	3763.0	633.0	416.0	483.0	14.0	1.0	0.0	258911.0	4191681.0
Gmi-CBas_070-Ex1-cssl.clmp.fp2_r1_screen	26487.0	10507.0	2998.0	2091.0	1921.0	365.0	246.0	163.0	9.0	0.0	0.0	117185.0	1672364.0
Gmi-CBas_070-Ex1-cssl.clmp.fp2_r2_screen	26625.0	10410.0	2962.0	2145.0	1804.0	305.0	181.0	174.0	4.0	0.0	0.0	117179.0	1672547.0
Gmi-CBas_071-Ex1-cssl.clmp.fp2_r1_screen	51347.0	3329.0	5390.0	4134.0	3134.0	644.0	330.0	260.0	6.0	0.0	0.0	209876.0	2911115.0
Gmi-CBas_071-Ex1-cssl.clmp.fp2_r2_screen	51075.0	3338.0	4941.0	4097.0	3030.0	636.0	360.0	240.0	13.0	0.0	0.0	210401.0	2911434.0
Gmi-CBas_075-Ex1-cssl2.clmp.fp2_r1_screen	119465.0	4564.0	14884.0	8938.0	8293.0	1855.0	916.0	613.0	38.0	0.0	0.0	453807.0	9107261.0
Gmi-CBas_075-Ex1-cssl2.clmp.fp2_r2_screen	120101.0	4426.0	14546.0	9111.0	7834.0	1701.0	893.0	587.0	20.0	0.0	0.0	457070.0	9104345.0
Gmi-CBas_078-Ex1-cssl.clmp.fp2_r1_screen	56424.0	11854.0	8339.0	5275.0	3833.0	588.0	341.0	351.0	8.0	0.0	0.0	240375.0	3155463.0
Gmi-CBas_078-Ex1-cssl.clmp.fp2_r2_screen	56729.0	11825.0	8319.0	5467.0	3633.0	589.0	372.0	384.0	15.0	0.0	0.0	240752.0	3154766.0
Gmi-CBas_079-Ex1-cssl.clmp.fp2_r1_screen	61106.0	2590.0	6206.0	4868.0	3706.0	809.0	415.0	308.0	14.0	0.0	0.0	241205.0	3760434.0
Gmi-CBas_079-Ex1-cssl.clmp.fp2_r2_screen	60978.0	2541.0	6215.0	5019.0	3541.0	747.0	410.0	355.0	5.0	0.0	0.0	241008.0	3760842.0
Gmi-CBas_080-Ex1-cssl2.clmp.fp2_r1_screen	76005.0	4816.0	8284.0	6815.0	5384.0	1078.0	504.0	402.0	24.0	0.0	0.0	298825.0	5245842.0
Gmi-CBas_080-Ex1-cssl2.clmp.fp2_r2_screen	76031.0	4756.0	8249.0	6953.0	4873.0	992.0	476.0	435.0	11.0	0.0	0.0	298231.0	5246972.0
Gmi-CBas_081-Ex1-cssl.clmp.fp2_r1_screen	42540.0	3678.0	4678.0	3381.0	2805.0	590.0	307.0	230.0	9.0	0.0	0.0	174180.0	2955495.0
Gmi-CBas_081-Ex1-cssl.clmp.fp2_r2_screen	42550.0	3653.0	4632.0	3370.0	2526.0	651.0	307.0	209.0	5.0	0.0	0.0	174814.0	2955176.0
Gmi-CBas_082-Ex1-cssl2.clmp.fp2_r1_screen	117158.0	8312.0	13314.0	9468.0	7147.0	1670.0	995.0	687.0	44.0	0.0	0.0	470878.0	7622912.0
Gmi-CBas_082-Ex1-cssl2.clmp.fp2_r2_screen	117226.0	8218.0	12590.0	9667.0	6949.0	1473.0	888.0	691.0	22.0	0.0	0.0	469473.0	7625388.0
Gmi-CBas_083-Ex1-cssl2.clmp.fp2_r1_screen	45446.0	2637.0	10433.0	3851.0	2802.0	637.0	308.0	192.0	9.0	0.0	0.0	173809.0	3343811.0
Gmi-CBas_083-Ex1-cssl2.clmp.fp2_r2_screen	46045.0	2535.0	10423.0	3850.0	2867.0	659.0	337.0	189.0	13.0	0.0	0.0	174281.0	3342736.0
Gmi-CBas_084-Ex1-cssl.clmp.fp2_r1_screen	19004.0	1715.0	2294.0	1676.0	1211.0	261.0	138.0	76.0	3.0	0.0	0.0	74303.0	1424783.0
Gmi-CBas_084-Ex1-cssl.clmp.fp2_r2_screen	19226.0	1603.0	2365.0	1624.0	1166.0	262.0	141.0	111.0	6.0	0.0	0.0	74787.0	1424173.0
Gmi-CBas_085-Ex1-cssl.clmp.fp2_r1_screen	42220.0	10580.0	5026.0	3289.0	2513.0	640.0	289.0	207.0	6.0	0.0	0.0	159555.0	3108881.0
Gmi-CBas_085-Ex1-cssl.clmp.fp2_r2_screen	42323.0	10531.0	5017.0	3337.0	2390.0	567.0	310.0	204.0	1.0	0.0	0.0	160312.0	3108214.0
Gmi-CBas_086-Ex1-cssl2.clmp.fp2_r1_screen	20620.0	6742.0	3280.0	1711.0	1555.0	291.0	138.0	121.0	4.0	0.0	0.0	84191.0	1489111.0
Gmi-CBas_086-Ex1-cssl2.clmp.fp2_r2_screen	20347.0	6727.0	3121.0	1618.0	1429.0	300.0	149.0	129.0	9.0	0.0	0.0	83377.0	1490558.0
Gmi-CBas_088-Ex1-cssl.clmp.fp2_r1_screen	31980.0	4386.0	3812.0	3284.0	2204.0	430.0	223.0	152.0	3.0	0.0	0.0	126006.0	2394186.0
Gmi-CBas_088-Ex1-cssl.clmp.fp2_r2_screen	32299.0	4297.0	3728.0	3291.0	2216.0	433.0	219.0	163.0	7.0	0.0	0.0	127111.0	2392902.0
Gmi-CBas_089-Ex1-cssl.clmp.fp2_r1_screen	25497.0	5756.0	3054.0	2024.0	2184.0	350.0	222.0	224.0	6.0	0.0	0.0	118826.0	1711158.0
Gmi-CBas_089-Ex1-cssl.clmp.fp2_r2_screen	25850.0	5774.0	3066.0	2008.0	2134.0	371.0	203.0	186.0	5.0	0.0	0.0	119107.0	1710597.0
Gmi-CBas_090-Ex1-cssl.clmp.fp2_r1_screen	23690.0	4383.0	3150.0	1917.0	2343.0	347.0	212.0	207.0	6.0	0.0	0.0	113795.0	1675370.0
Gmi-CBas_090-Ex1-cssl.clmp.fp2_r2_screen	23990.0	4319.0	3082.0	1872.0	2091.0	341.0	178.0	218.0	4.0	0.0	0.0	113042.0	1676283.0
Gmi-CBas_091-Ex1-cssl.clmp.fp2_r1_screen	33805.0	4975.0	4237.0	2822.0	2742.0	444.0	320.0	238.0	7.0	0.0	0.0	151248.0	2383946.0
Gmi-CBas_091-Ex1-cssl.clmp.fp2_r2_screen	33550.0	4971.0	3952.0	2766.0	2735.0	421.0	287.0	256.0	5.0	0.0	0.0	151378.0	2384463.0
Gmi-CBas_092-Ex1-cssl2.clmp.fp2_r1_screen	102753.0	11105.0	12196.0	8183.0	7206.0	1540.0	746.0	690.0	37.0	0.0	0.0	417831.0	7731018.0
Gmi-CBas_092-Ex1-cssl2.clmp.fp2_r2_screen	102540.0	10898.0	11746.0	8046.0	7096.0	1415.0	763.0	684.0	17.0	0.0	0.0	415764.0	7734336.0
Gmi-CBas_093-Ex1-cssl.clmp.fp2_r1_screen	21742.0	5951.0	2445.0	1679.0	1752.0	286.0	197.0	188.0	9.0	0.0	0.0	99558.0	1420280.0
Gmi-CBas_093-Ex1-cssl.clmp.fp2_r2_screen	21644.0	5826.0	2468.0	1565.0	1738.0	257.0	177.0	163.0	4.0	0.0	0.0	98878.0	1421367.0
Gmi-CBas_094-Ex1-cssl.clmp.fp2_r1_screen	33678.0	13753.0	4137.0	2602.0	3934.0	433.0	326.0	505.0	10.0	0.0	0.0	202043.0	2214155.0
Gmi-CBas_094-Ex1-cssl.clmp.fp2_r2_screen	34448.0	13652.0	4162.0	2569.0	3914.0	494.0	254.0	525.0	12.0	0.0	0.0	200896.0	2214650.0
Gmi-CBas_095-Ex1-cssl2.clmp.fp2_r1_screen	82029.0	16054.0	10254.0	6522.0	5697.0	1294.0	648.0	475.0	29.0	0.0	0.0	329167.0	6266528.0
Gmi-CBas_095-Ex1-cssl2.clmp.fp2_r2_screen	81946.0	15938.0	9912.0	6296.0	5696.0	1248.0	635.0	467.0	15.0	0.0	0.0	328000.0	6268544.0
Gmi-CBat_001-Ex1-cssl.clmp.fp2_r1_screen	15992.0	11631.0	4284.0	1464.0	1345.0	207.0	98.0	126.0	1.0	0.0	0.0	86265.0	1277346.0
Gmi-CBat_001-Ex1-cssl.clmp.fp2_r2_screen	16327.0	11373.0	4179.0	1579.0	1419.0	230.0	119.0	119.0	3.0	0.0	0.0	85505.0	1277906.0
Gmi-CBat_002-Ex1-cssl2.clmp.fp2_r1_screen	26188.0	6349.0	3109.0	2770.0	2916.0	329.0	203.0	297.0	5.0	0.0	0.0	156544.0	1977733.0
Gmi-CBat_002-Ex1-cssl2.clmp.fp2_r2_screen	26551.0	6263.0	3113.0	2810.0	2811.0	275.0	222.0	276.0	2.0	0.0	0.0	153993.0	1980127.0
Gmi-CBat_003-Ex1-cssl.clmp.fp2_r1_screen	25231.0	7240.0	8945.0	2202.0	3236.0	271.0	190.0	395.0	2.0	0.0	0.0	170842.0	1725876.0
Gmi-CBat_003-Ex1-cssl.clmp.fp2_r2_screen	25506.0	7118.0	8904.0	2232.0	3207.0	331.0	181.0	391.0	5.0	0.0	0.0	168929.0	1727626.0
Gmi-CBat_004-Ex1-cssl.clmp.fp2_r1_screen	41724.0	21716.0	4864.0	3762.0	3112.0	543.0	430.0	329.0	11.0	0.0	0.0	237756.0	3449184.0
Gmi-CBat_004-Ex1-cssl.clmp.fp2_r2_screen	42000.0	21397.0	4548.0	3978.0	2850.0	577.0	402.0	368.0	10.0	0.0	0.0	237364.0	3449937.0
Gmi-CBat_005-Ex1-cssl2.clmp.fp2_r1_screen	47980.0	4468.0	4976.0	9819.0	4204.0	574.0	347.0	380.0	11.0	0.0	0.0	269067.0	3059423.0
Gmi-CBat_005-Ex1-cssl2.clmp.fp2_r2_screen	48278.0	4369.0	4831.0	9866.0	4097.0	515.0	351.0	422.0	1.0	0.0	0.0	265015.0	3063504.0
Gmi-CBat_010-Ex1-cssl.clmp.fp2_r1_screen	80987.0	43182.0	1843716.0	17418.0	5516.0	953.0	528.0	558.0	18.0	0.0	0.0	996278.0	4803216.0
Gmi-CBat_010-Ex1-cssl.clmp.fp2_r2_screen	82298.0	43059.0	1843138.0	17000.0	5448.0	855.0	401.0	575.0	14.0	0.0	0.0	994028.0	4805554.0
Gmi-CBat_011-Ex1-cssl.clmp.fp2_r1_screen	23761.0	7229.0	3165.0	2727.0	3826.0	256.0	160.0	367.0	2.0	0.0	0.0	172877.0	1679357.0
Gmi-CBat_011-Ex1-cssl.clmp.fp2_r2_screen	24133.0	7388.0	3004.0	2865.0	3712.0	272.0	150.0	402.0	4.0	0.0	0.0	168842.0	1682955.0
Gmi-CBat_012-Ex1-cssl2.clmp.fp2_r1_screen	37568.0	14361.0	3904.0	3502.0	2392.0	374.0	221.0	276.0	5.0	0.0	0.0	170613.0	2381304.0
Gmi-CBat_012-Ex1-cssl2.clmp.fp2_r2_screen	37337.0	14061.0	3881.0	3803.0	2313.0	350.0	219.0	301.0	8.0	0.0	0.0	167805.0	2384442.0
Gmi-CBat_013-Ex1-cssl2.clmp.fp2_r1_screen	51069.0	1887.0	5798.0	4160.0	3884.0	791.0	409.0	343.0	11.0	0.0	0.0	248338.0	3861273.0
Gmi-CBat_013-Ex1-cssl2.clmp.fp2_r2_screen	51649.0	1943.0	5778.0	4117.0	3698.0	700.0	411.0	319.0	17.0	0.0	0.0	246805.0	3862526.0
Gmi-CBat_015-Ex1-cssl.clmp.fp2_r1_screen	32581.0	1232.0	4850.0	2690.0	2623.0	467.0	244.0	228.0	9.0	0.0	0.0	163426.0	2693451.0
Gmi-CBat_015-Ex1-cssl.clmp.fp2_r2_screen	32894.0	1238.0	4604.0	2748.0	2881.0	457.0	224.0	244.0	9.0	0.0	0.0	162761.0	2693741.0
Gmi-CBat_018-Ex1-cssl2.clmp.fp2_r1_screen	85579.0	3911.0	9998.0	7289.0	5608.0	1174.0	616.0	531.0	9.0	0.0	0.0	356604.0	5517482.0
Gmi-CBat_018-Ex1-cssl2.clmp.fp2_r2_screen	85586.0	3764.0	9518.0	7347.0	5527.0	1251.0	592.0	554.0	17.0	0.0	0.0	359559.0	5515086.0
Gmi-CBat_019-Ex1-cssl.clmp.fp2_r1_screen	71770.0	2947.0	8178.0	5755.0	5708.0	1066.0	667.0	533.0	20.0	0.0	0.0	490915.0	6569060.0
Gmi-CBat_019-Ex1-cssl.clmp.fp2_r2_screen	72160.0	2951.0	7856.0	5850.0	5522.0	1010.0	634.0	560.0	14.0	0.0	0.0	492433.0	6567629.0
Gmi-CBat_020-Ex1-cssl.clmp.fp2_r1_screen	50098.0	4616.0	10751.0	4186.0	4213.0	781.0	371.0	446.0	14.0	0.0	0.0	267445.0	4116379.0
Gmi-CBat_020-Ex1-cssl.clmp.fp2_r2_screen	50178.0	4688.0	10398.0	4496.0	4190.0	732.0	399.0	400.0	17.0	0.0	0.0	266085.0	4117717.0
Gmi-CBat_021-Ex1-cssl2.clmp.fp2_r1_screen	31897.0	1974.0	4126.0	2564.0	3107.0	466.0	258.0	318.0	7.0	0.0	2.0	172135.0	2749683.0
Gmi-CBat_021-Ex1-cssl2.clmp.fp2_r2_screen	32085.0	1934.0	4034.0	2796.0	3038.0	451.0	241.0	290.0	9.0	0.0	0.0	169900.0	2751759.0
Gmi-CBat_022-Ex1-cssl2.clmp.fp2_r1_screen	21471.0	4592.0	2719.0	1731.0	1942.0	346.0	199.0	189.0	3.0	0.0	0.0	111401.0	1852540.0
Gmi-CBat_022-Ex1-cssl2.clmp.fp2_r2_screen	21614.0	4610.0	2741.0	1731.0	1920.0	323.0	202.0	212.0	4.0	0.0	0.0	110437.0	1853339.0
Gmi-CBat_023-Ex1-cssl.clmp.fp2_r1_screen	29602.0	15071.0	4015.0	2396.0	1985.0	472.0	256.0	165.0	4.0	0.0	0.0	121948.0	2270726.0
Gmi-CBat_023-Ex1-cssl.clmp.fp2_r2_screen	29606.0	14803.0	4011.0	2282.0	1804.0	443.0	211.0	160.0	2.0	0.0	0.0	122347.0	2270971.0
Gmi-CBat_024-Ex1-cssl.clmp.fp2_r1_screen	31922.0	3129.0	3516.0	2867.0	2349.0	417.0	253.0	214.0	2.0	0.0	0.0	154998.0	2524293.0
Gmi-CBat_024-Ex1-cssl.clmp.fp2_r2_screen	32079.0	3048.0	3366.0	2915.0	2295.0	436.0	261.0	234.0	6.0	0.0	0.0	153120.0	2526200.0
Gmi-CBat_025-Ex1-cssl.clmp.fp2_r1_screen	34912.0	2104.0	5105.0	2853.0	2980.0	501.0	264.0	256.0	3.0	0.0	0.0	180972.0	2623017.0
Gmi-CBat_025-Ex1-cssl.clmp.fp2_r2_screen	35288.0	2122.0	4860.0	2849.0	2960.0	526.0	251.0	296.0	8.0	0.0	0.0	180219.0	2623588.0
Gmi-CBat_027-Ex1-cssl.clmp.fp2_r1_screen	54733.0	1988.0	6876.0	4230.0	4180.0	825.0	451.0	384.0	9.0	0.0	0.0	266382.0	4002945.0
Gmi-CBat_027-Ex1-cssl.clmp.fp2_r2_screen	55124.0	1950.0	6743.0	4380.0	4110.0	802.0	467.0	383.0	6.0	0.0	0.0	265658.0	4003380.0
Gmi-CBat_030-Ex1-cssl.clmp.fp2_r1_screen	37987.0	1594.0	4342.0	2968.0	2735.0	541.0	260.0	205.0	11.0	0.0	0.0	186339.0	2632049.0
Gmi-CBat_030-Ex1-cssl.clmp.fp2_r2_screen	37990.0	1658.0	4199.0	3103.0	2744.0	530.0	319.0	250.0	9.0	0.0	0.0	186754.0	2631475.0
Gmi-CBat_031-Ex1-cssl.clmp.fp2_r1_screen	65110.0	2334.0	9221.0	5236.0	4969.0	960.0	791.0	639.0	18.0	0.0	0.0	441680.0	5461793.0
Gmi-CBat_031-Ex1-cssl.clmp.fp2_r2_screen	65967.0	2334.0	8912.0	5368.0	4879.0	934.0	757.0	653.0	22.0	0.0	0.0	438735.0	5464190.0
Gmi-CBat_034-Ex1-cssl.clmp.fp2_r1_screen	36403.0	1573.0	4224.0	2959.0	2715.0	497.0	522.0	394.0	13.0	0.0	0.0	252232.0	3481798.0
Gmi-CBat_034-Ex1-cssl.clmp.fp2_r2_screen	36188.0	1653.0	4110.0	2876.0	2678.0	519.0	483.0	401.0	15.0	0.0	0.0	250339.0	3484068.0
Gmi-CBat_035-Ex1-cssl2.clmp.fp2_r1_screen	66516.0	4850.0	9257.0	5379.0	5501.0	1008.0	548.0	539.0	16.0	0.0	0.0	358962.0	4980505.0
Gmi-CBat_035-Ex1-cssl2.clmp.fp2_r2_screen	66560.0	4948.0	9259.0	5304.0	5288.0	892.0	484.0	597.0	22.0	0.0	0.0	358136.0	4981591.0
Gmi-CBat_036-Ex1-cssl2.clmp.fp2_r1_screen	21982.0	2740.0	3309.0	2064.0	1853.0	297.0	131.0	161.0	1.0	0.0	0.0	108546.0	1868648.0
Gmi-CBat_036-Ex1-cssl2.clmp.fp2_r2_screen	22300.0	2658.0	3228.0	2134.0	1719.0	339.0	152.0	162.0	1.0	0.0	0.0	108190.0	1868849.0
Gmi-CBat_037-Ex1-cssl2.clmp.fp2_r1_screen	35658.0	2597.0	4539.0	2772.0	2724.0	594.0	277.0	261.0	9.0	0.0	0.0	177326.0	2900915.0
Gmi-CBat_037-Ex1-cssl2.clmp.fp2_r2_screen	35722.0	2521.0	4538.0	2915.0	2795.0	549.0	290.0	244.0	2.0	0.0	0.0	177493.0	2900603.0
Gmi-CBat_039-Ex1-cssl.clmp.fp2_r1_screen	121837.0	6562.0	15188.0	9477.0	8772.0	1938.0	1087.0	797.0	41.0	0.0	0.0	521475.0	8843672.0
Gmi-CBat_039-Ex1-cssl.clmp.fp2_r2_screen	122140.0	6440.0	14420.0	9297.0	8273.0	1829.0	1081.0	826.0	18.0	0.0	0.0	518085.0	8848437.0
Gmi-CBat_040-Ex1-cssl2.clmp.fp2_r1_screen	39569.0	1026.0	4419.0	3294.0	2871.0	547.0	304.0	259.0	8.0	0.0	0.0	196413.0	2972916.0
Gmi-CBat_040-Ex1-cssl2.clmp.fp2_r2_screen	39491.0	1059.0	4155.0	3535.0	2917.0	516.0	264.0	272.0	12.0	0.0	0.0	195523.0	2973882.0
Gmi-CBat_042-Ex1-cssl2.clmp.fp2_r1_screen	25953.0	3961.0	3886.0	2205.0	2562.0	414.0	229.0	253.0	5.0	0.0	0.0	138556.0	2244058.0
Gmi-CBat_042-Ex1-cssl2.clmp.fp2_r2_screen	25949.0	3847.0	3936.0	2210.0	2398.0	369.0	253.0	231.0	9.0	0.0	0.0	137368.0	2245512.0
Gmi-CBat_043-Ex1-cssl.clmp.fp2_r1_screen	67563.0	2612.0	7721.0	5379.0	4544.0	1111.0	498.0	361.0	14.0	0.0	0.0	314249.0	4919416.0
Gmi-CBat_043-Ex1-cssl.clmp.fp2_r2_screen	67597.0	2574.0	7381.0	5544.0	4397.0	945.0	529.0	402.0	18.0	0.0	0.0	313068.0	4921013.0
Gmi-CBat_044-Ex1-cssl.clmp.fp2_r1_screen	88581.0	4943.0	10187.0	7099.0	6654.0	1307.0	1031.0	762.0	26.0	0.0	0.0	533146.0	7836330.0
Gmi-CBat_044-Ex1-cssl.clmp.fp2_r2_screen	89531.0	4968.0	9956.0	7082.0	5958.0	1196.0	956.0	728.0	24.0	0.0	0.0	529092.0	7840575.0
Gmi-CBat_046-Ex1-cssl.clmp.fp2_r1_screen	115548.0	6985.0	15734.0	9503.0	9759.0	1793.0	1099.0	912.0	37.0	0.0	0.0	586569.0	8878043.0
Gmi-CBat_046-Ex1-cssl.clmp.fp2_r2_screen	116119.0	6796.0	15400.0	9779.0	9794.0	1834.0	1024.0	951.0	13.0	0.0	0.0	589117.0	8875155.0
Gmi-CBat_047-Ex1-cssl2.clmp.fp2_r1_screen	58378.0	2032.0	6708.0	4519.0	3611.0	822.0	588.0	380.0	21.0	0.0	0.0	371347.0	5660658.0
Gmi-CBat_047-Ex1-cssl2.clmp.fp2_r2_screen	58575.0	2079.0	6348.0	4471.0	3489.0	714.0	660.0	410.0	24.0	0.0	0.0	370414.0	5661880.0
Gmi-CBat_048-Ex1-cssl.clmp.fp2_r1_screen	78836.0	8558.0	9138.0	6638.0	6688.0	1206.0	650.0	645.0	18.0	0.0	0.0	380254.0	5847527.0
Gmi-CBat_048-Ex1-cssl.clmp.fp2_r2_screen	78986.0	8144.0	8800.0	6928.0	6283.0	1109.0	619.0	665.0	20.0	0.0	0.0	374103.0	5854501.0
Gmi-CBat_049-Ex1-cssl.clmp.fp2_r1_screen	65255.0	3194.0	7906.0	5204.0	5073.0	978.0	635.0	425.0	15.0	0.0	0.0	420902.0	6538635.0
Gmi-CBat_049-Ex1-cssl.clmp.fp2_r2_screen	65912.0	3147.0	7792.0	5224.0	4712.0	849.0	659.0	488.0	19.0	0.0	0.0	420785.0	6538635.0
Gmi-CBat_050-Ex1-cssl.clmp.fp2_r1_screen	47116.0	2074.0	5487.0	3639.0	3650.0	742.0	520.0	325.0	5.0	0.0	0.0	309423.0	4192269.0
Gmi-CBat_050-Ex1-cssl.clmp.fp2_r2_screen	47732.0	2133.0	5279.0	3743.0	3574.0	729.0	443.0	358.0	10.0	0.0	0.0	308524.0	4192725.0
Gmi-CBat_051-Ex1-cssl2.clmp.fp2_r1_screen	62382.0	3027.0	7103.0	5169.0	4388.0	794.0	453.0	331.0	8.0	0.0	0.0	278572.0	4329827.0
Gmi-CBat_051-Ex1-cssl2.clmp.fp2_r2_screen	62299.0	2958.0	7070.0	5392.0	4228.0	836.0	383.0	437.0	10.0	0.0	0.0	278145.0	4330296.0
Gmi-CBat_052-Ex1-cssl.clmp.fp2_r1_screen	22021.0	4788.0	3025.0	1803.0	2022.0	339.0	222.0	150.0	3.0	0.0	0.0	115616.0	1743805.0
Gmi-CBat_052-Ex1-cssl.clmp.fp2_r2_screen	22268.0	4628.0	2771.0	1808.0	1914.0	337.0	218.0	206.0	4.0	0.0	0.0	114699.0	1744941.0
Gmi-CBat_056-Ex1-cssl.clmp.fp2_r1_screen	44004.0	1241.0	4776.0	3496.0	2826.0	636.0	297.0	213.0	13.0	0.0	0.0	191776.0	3022084.0
Gmi-CBat_056-Ex1-cssl.clmp.fp2_r2_screen	44357.0	1210.0	4524.0	3607.0	2632.0	604.0	329.0	232.0	12.0	0.0	0.0	191444.0	3022411.0
Gmi-CBat_058-Ex1-cssl2.clmp.fp2_r1_screen	245651.0	11855.0	31885.0	19034.0	15468.0	4120.0	2124.0	1205.0	54.0	0.0	0.0	908951.0	19160089.0
Gmi-CBat_058-Ex1-cssl2.clmp.fp2_r2_screen	245285.0	11640.0	29777.0	18715.0	14819.0	3785.0	1909.0	1248.0	41.0	0.0	0.0	890688.0	19182529.0
Gmi-CBat_059-Ex1-cssl.clmp.fp2_r1_screen	64007.0	3053.0	7926.0	5448.0	4803.0	1007.0	617.0	447.0	9.0	0.0	0.0	278601.0	4599042.0
Gmi-CBat_059-Ex1-cssl.clmp.fp2_r2_screen	64705.0	3021.0	8121.0	5339.0	4633.0	1075.0	633.0	480.0	18.0	0.0	0.0	280376.0	4596559.0
Gmi-CBat_060-Ex1-cssl.clmp.fp2_r1_screen	173248.0	6618.0	19606.0	13850.0	9952.0	2690.0	1693.0	959.0	52.0	0.0	0.0	711089.0	11916010.0
Gmi-CBat_060-Ex1-cssl.clmp.fp2_r2_screen	174140.0	6465.0	19104.0	14084.0	9807.0	2617.0	1571.0	948.0	34.0	0.0	0.0	712273.0	11914724.0
Gmi-CBat_061-Ex1-cssl2.clmp.fp2_r1_screen	22629.0	3512.0	2800.0	1866.0	1808.0	327.0	136.0	168.0	7.0	0.0	0.0	107536.0	1941884.0
Gmi-CBat_061-Ex1-cssl2.clmp.fp2_r2_screen	22600.0	3407.0	2795.0	1859.0	1820.0	308.0	165.0	152.0	3.0	0.0	0.0	107264.0	1942300.0
Gmi-CBat_062-Ex1-cssl2.clmp.fp2_r1_screen	22493.0	1883.0	2704.0	1799.0	1887.0	349.0	206.0	167.0	3.0	0.0	0.0	112537.0	2038212.0
Gmi-CBat_062-Ex1-cssl2.clmp.fp2_r2_screen	22753.0	1876.0	2652.0	1786.0	1819.0	336.0	176.0	201.0	4.0	0.0	0.0	111552.0	2039085.0
Gmi-CBat_063-Ex1-cssl.clmp.fp2_r1_screen	112591.0	5357.0	14741.0	9724.0	7031.0	1746.0	888.0	614.0	36.0	0.0	0.0	442056.0	8349322.0
Gmi-CBat_063-Ex1-cssl.clmp.fp2_r2_screen	112871.0	5551.0	14595.0	9742.0	6730.0	1810.0	976.0	539.0	24.0	0.0	0.0	445523.0	8345745.0
Gmi-CBat_064-Ex1-cssl.clmp.fp2_r1_screen	17097.0	1265.0	2103.0	1528.0	1501.0	222.0	258.0	202.0	1.0	0.0	0.0	120056.0	1383652.0
Gmi-CBat_064-Ex1-cssl.clmp.fp2_r2_screen	17108.0	1208.0	2035.0	1480.0	1388.0	260.0	253.0	217.0	8.0	0.0	0.0	119206.0	1384722.0
Gmi-CBat_065-Ex1-cssl.clmp.fp2_r1_screen	42928.0	6289.0	6112.0	3403.0	2895.0	637.0	476.0	348.0	16.0	0.0	0.0	253827.0	4596723.0
Gmi-CBat_065-Ex1-cssl.clmp.fp2_r2_screen	42774.0	6403.0	6237.0	3420.0	2728.0	608.0	552.0	325.0	11.0	0.0	0.0	255347.0	4595249.0
Gmi-CBat_066-Ex1-cssl2.clmp.fp2_r1_screen	78641.0	2564.0	8869.0	6462.0	5564.0	1102.0	566.0	557.0	8.0	0.0	0.0	400935.0	5236404.0
Gmi-CBat_066-Ex1-cssl2.clmp.fp2_r2_screen	79108.0	2683.0	8504.0	6483.0	5521.0	1137.0	500.0	570.0	14.0	0.0	0.0	397303.0	5239849.0
Gmi-CBat_067-Ex1-cssl.clmp.fp2_r1_screen	69527.0	2047.0	9521.0	5529.0	5026.0	1019.0	520.0	466.0	13.0	0.0	0.0	325469.0	5066945.0
Gmi-CBat_067-Ex1-cssl.clmp.fp2_r2_screen	69826.0	2092.0	9291.0	5594.0	4898.0	1055.0	541.0	491.0	23.0	0.0	0.0	324778.0	5067493.0
Gmi-CBat_070-Ex1-cssl2.clmp.fp2_r1_screen	47491.0	1863.0	5519.0	4085.0	3646.0	723.0	392.0	366.0	12.0	0.0	0.0	222362.0	3794141.0
Gmi-CBat_070-Ex1-cssl2.clmp.fp2_r2_screen	48113.0	1836.0	5464.0	4194.0	3437.0	705.0	343.0	361.0	12.0	0.0	0.0	217913.0	3798222.0
Gmi-CBat_071-Ex1-cssl2.clmp.fp2_r1_screen	32295.0	1849.0	3696.0	2484.0	1930.0	489.0	320.0	177.0	7.0	0.0	0.0	210877.0	2640218.0
Gmi-CBat_071-Ex1-cssl2.clmp.fp2_r2_screen	32282.0	1814.0	3553.0	2549.0	1898.0	439.0	320.0	167.0	6.0	0.0	0.0	212543.0	2638771.0
Gmi-CBat_076-Ex1-cssl.clmp.fp2_r1_screen	24538.0	1562.0	3137.0	2026.0	2159.0	347.0	184.0	206.0	6.0	0.0	0.0	123944.0	1895242.0
Gmi-CBat_076-Ex1-cssl.clmp.fp2_r2_screen	24876.0	1611.0	3186.0	2007.0	2166.0	368.0	186.0	193.0	3.0	0.0	0.0	122486.0	1896269.0
Gmi-CBat_079-Ex1-cssl.clmp.fp2_r1_screen	1403023.0	64008.0	174925.0	114054.0	102585.0	22464.0	14412.0	8897.0	447.0	0.0	0.0	7570378.0	111690947.0
Gmi-CBat_079-Ex1-cssl.clmp.fp2_r2_screen	1406549.0	63388.0	170457.0	112284.0	99065.0	21968.0	13730.0	9161.0	305.0	0.0	0.0	7614635.0	111654598.0
Gmi-CBat_080-Ex1-cssl2.clmp.fp2_r1_screen	49979.0	1781.0	5911.0	4087.0	3791.0	715.0	372.0	312.0	13.0	0.0	0.0	244863.0	3851372.0
Gmi-CBat_080-Ex1-cssl2.clmp.fp2_r2_screen	50132.0	1818.0	5770.0	4218.0	3808.0	755.0	351.0	355.0	6.0	0.0	0.0	241280.0	3854703.0
Gmi-CBat_081-Ex1-cssl2.clmp.fp2_r1_screen	89526.0	6940.0	11725.0	7019.0	5921.0	1426.0	690.0	472.0	17.0	0.0	0.0	358627.0	6569714.0
Gmi-CBat_081-Ex1-cssl2.clmp.fp2_r2_screen	89577.0	6892.0	11621.0	7397.0	5707.0	1352.0	723.0	500.0	22.0	0.0	0.0	362098.0	6566188.0
Gmi-CBat_082-Ex1-cssl2.clmp.fp2_r1_screen	46660.0	3566.0	5842.0	3958.0	3082.0	722.0	363.0	287.0	11.0	0.0	0.0	211562.0	3579428.0
Gmi-CBat_082-Ex1-cssl2.clmp.fp2_r2_screen	46781.0	3459.0	5843.0	4046.0	3058.0	645.0	337.0	287.0	2.0	0.0	0.0	209667.0	3581356.0
Gmi-CBat_083-Ex1-cssl.clmp.fp2_r1_screen	16547.0	901.0	2013.0	1437.0	1708.0	205.0	115.0	142.0	1.0	0.0	0.0	87263.0	1282737.0
Gmi-CBat_083-Ex1-cssl.clmp.fp2_r2_screen	16459.0	860.0	1832.0	1499.0	1657.0	187.0	123.0	150.0	4.0	0.0	0.0	85750.0	1284548.0
Gmi-CBat_084-Ex1-cssl.clmp.fp2_r1_screen	84848.0	4967.0	9984.0	6712.0	5136.0	1381.0	843.0	419.0	27.0	0.0	0.0	467061.0	6622804.0
Gmi-CBat_084-Ex1-cssl.clmp.fp2_r2_screen	85468.0	5023.0	9838.0	6510.0	4947.0	1243.0	810.0	460.0	18.0	0.0	0.0	471383.0	6618482.0
Gmi-CBat_088-Ex1-cssl.clmp.fp2_r1_screen	23010.0	1665.0	10027.0	1823.0	1924.0	347.0	231.0	179.0	8.0	0.0	0.0	156832.0	1882905.0
Gmi-CBat_088-Ex1-cssl.clmp.fp2_r2_screen	23235.0	1740.0	9942.0	1860.0	2042.0	304.0	246.0	215.0	7.0	0.0	0.0	156870.0	1882490.0
Gmi-CBat_091-Ex1-cssl.clmp.fp2_r1_screen	10445.0	3029.0	1235.0	889.0	798.0	176.0	114.0	54.0	7.0	0.0	0.0	76148.0	989789.0
Gmi-CBat_091-Ex1-cssl.clmp.fp2_r2_screen	10596.0	2909.0	1204.0	821.0	681.0	127.0	95.0	79.0	2.0	0.0	0.0	75948.0	990222.0
Gmi-CBat_093-Ex1-cssl2.clmp.fp2_r1_screen	29287.0	1268.0	3729.0	2385.0	2043.0	410.0	237.0	186.0	4.0	0.0	0.0	141552.0	2149660.0
Gmi-CBat_093-Ex1-cssl2.clmp.fp2_r2_screen	29120.0	1199.0	3848.0	2422.0	1966.0	413.0	251.0	163.0	2.0	0.0	0.0	140318.0	2151059.0
Gmi-CBat_094-Ex1-cssl2.clmp.fp2_r1_screen	50465.0	1458.0	6334.0	3939.0	3320.0	786.0	475.0	337.0	9.0	0.0	0.0	252191.0	3865662.0
Gmi-CBat_094-Ex1-cssl2.clmp.fp2_r2_screen	50285.0	1424.0	6251.0	4164.0	3370.0	732.0	440.0	353.0	4.0	0.0	0.0	248943.0	3869010.0
Gmi-CBat_095-Ex1-cssl2.clmp.fp2_r1_screen	30478.0	5026.0	1670.0	3263.0	1594.0	166.0	91.0	139.0	5.0	0.0	0.0	118257.0	1411607.0
Gmi-CBat_095-Ex1-cssl2.clmp.fp2_r2_screen	30383.0	4902.0	1644.0	3203.0	1469.0	199.0	97.0	158.0	0.0	0.0	0.0	116905.0	1413336.0
Gmi-CBat_096-Ex1-cssl2.clmp.fp2_r1_screen	121201.0	3575.0	14591.0	9562.0	7049.0	1728.0	1465.0	903.0	31.0	0.0	0.0	785611.0	11086293.0
Gmi-CBat_096-Ex1-cssl2.clmp.fp2_r2_screen	121014.0	3608.0	14416.0	9291.0	6928.0	1767.0	1368.0	887.0	26.0	0.0	0.0	785208.0	11087496.0
