Sample	fastp_mqc-generalstats-fastp-pct_duplication	fastp_mqc-generalstats-fastp-after_filtering_q30_rate	fastp_mqc-generalstats-fastp-after_filtering_q30_bases	fastp_mqc-generalstats-fastp-after_filtering_gc_content	fastp_mqc-generalstats-fastp-pct_surviving	fastp_mqc-generalstats-fastp-pct_adapter
GmA01001_CKDL210018111-1a-5UDI301-AK533_HH72GDSX2_L1_fastp	33.149	0.917393	655232942.0	0.474773	81.13921209501308	49.4406739161103
GmA01002_CKDL210018111-1a-5UDI301-AK8488_HH72GDSX2_L1_fastp	32.888	0.921623	566228412.0	0.485519	86.02832413009513	57.13357380700273
GmA01003_CKDL210018111-1a-5UDI301-AK4236_HH72GDSX2_L1_fastp	32.6264	0.918935	707260195.0	0.48869	78.78416704300648	54.74514374576701
GmA01004_CKDL210018111-1a-AK7078-AK4234_HH72GDSX2_L1_fastp	33.0607	0.919659	2498185361.0	0.477694	95.23401823112722	56.94312620714316
GmA01010_CKDL210018111-1a-AK7758-AK4234_HH72GDSX2_L1_fastp	33.3696	0.920197	1379154114.0	0.492079	91.32267679242202	60.19473391625523
GmA01011_CKDL210018111-1a-AK7758-GD06_HH72GDSX2_L1_fastp	30.2387	0.918207	2111717195.0	0.454468	90.17501824408714	69.59157762558614
GmA01013_CKDL210018111-1a-5UDI301-AK7557_HH72GDSX2_L1_fastp	31.588699999999996	0.919611	1303650610.0	0.479193	90.1933830868962	63.62375086999082
GmA01014_CKDL210018111-1a-5UDI301-GC06_HH72GDSX2_L1_fastp	29.5605	0.924377	2029551209.0	0.424597	93.8049987484363	77.07928668701378
GmA01015_CKDL210018111-1a-5UDI301-AK10343_HH72GDSX2_L1_fastp	34.1844	0.907338	929508048.0	0.368448	93.11507649327883	60.326948746401634
GmA01016_CKDL210018111-1a-5UDI301-AK4234_HH72GDSX2_L1_fastp	29.57	0.912152	4058248414.0	0.400092	96.05840923326684	65.15179146184516
GmA01017_CKDL210018111-1a-AK7078-GD06_HH72GDSX2_L1_fastp	35.8836	0.917964	2544425887.0	0.50363	89.16919761158915	48.19517000204676
GmA01018_CKDL210018111-1a-AK7758-AK7557_HH72GDSX2_L1_fastp	32.4209	0.919354	1214979554.0	0.450491	91.90123061744197	60.1172664204543
GmA01026_CKDL210018111-1a-AK7078-AK8488_HH72GDSX2_L1_fastp	35.8903	0.921235	1948246532.0	0.498675	97.07867200277848	52.357721136916034
GmA01027_CKDL210018111-1a-AK7078-AK4236_HH72GDSX2_L1_fastp	37.282399999999996	0.917132	1561052937.0	0.497436	86.87290687053888	48.048410831184505
GmA01028_CKDL210018111-1a-5UDI301-GD06_HH72GDSX2_L1_fastp	31.2139	0.920101	1600718383.0	0.449427	91.36209379718755	61.848319645381075
GmA01029_CKDL210018111-1a-AK7758-AK533_HH72GDSX2_L1_fastp	34.4482	0.91952	1232329510.0	0.500252	88.50476918835398	58.48426787658163
GmA01030_CKDL210018111-1a-AK7758-AK8488_HH72GDSX2_L1_fastp	32.9334	0.921404	1124939758.0	0.444348	92.923314141211	63.29070062939559
GmA01031_CKDL210018111-1a-AK7758-AK4236_HH72GDSX2_L1_fastp	29.018699999999995	0.911743	5684320446.0	0.407944	96.14403627355682	70.67813896184725
GmA01032_CKDL210018111-1a-AK7758-AK10343_HH72GDSX2_L1_fastp	30.047800000000002	0.920825	1841639097.0	0.437486	92.54266581438945	69.14630918525086
GmA01033_CKDL210018111-1a-AK9143-AK4234_HH72GDSX2_L1_fastp	30.4805	0.910671	4016772887.0	0.401255	96.37839237533491	57.738152479878
GmA01035_CKDL210018111-1a-AK7078-AK533_HH72GDSX2_L1_fastp	31.149500000000003	0.920163	2969484679.0	0.429121	92.27422374843655	71.73814510806034
GmA01037_CKDL210018111-1a-AK7078-AK7557_HH72GDSX2_L1_fastp	29.098200000000002	0.921152	5675336236.0	0.439583	93.11313755418415	68.46275343662343
GmA01039_CKDL210018111-1a-AK7078-AK10343_HH72GDSX2_L1_fastp	32.968399999999995	0.919728	3364606225.0	0.452216	95.97974067905433	57.50908332918257
GmA01041_CKDL210018111-1a-AK9143-AK533_HH72GDSX2_L1_fastp	34.629	0.91048	3489641674.0	0.418115	92.60295652881395	55.21116467479157
GmA01042_CKDL210018111-1a-AK7758-GC06_HH72GDSX2_L1_fastp	29.4809	0.921115	1419655755.0	0.438422	88.50229051720271	68.35621046965416
GmA01055_CKDL210018111-1a-AK9143-AK4236_HH72GDSX2_L1_fastp	33.6053	0.899337	3969123630.0	0.350942	95.03729543745185	53.30419571437538
GmA01060_CKDL210018111-1a-5UDI225-AK533_HH72GDSX2_L1_fastp	35.268	0.915501	6404129206.0	0.405822	96.92181548199514	66.29118008225731
GmA01065_CKDL210018111-1a-AK9143-AK7557_HH72GDSX2_L1_fastp	31.4083	0.903597	11471830558.0	0.353299	97.26273703887051	61.01809061939376
GmA01074_CKDL210018111-1a-AK7078-GC06_HH72GDSX2_L1_fastp	39.1124	0.890044	2902549042.0	0.339198	89.68786099483289	42.78118683164306
GmA01078_CKDL210018111-1a-AK9143-GC06_HH72GDSX2_L1_fastp	29.127799999999997	0.909641	9544005689.0	0.397787	95.87797925142362	56.40378555600767
GmA01079_CKDL210018111-1a-AK9143-AK10343_HH72GDSX2_L1_fastp	30.812	0.909191	6777473937.0	0.398808	96.81013236756482	55.750551416293895
GmA01083_CKDL210018111-1a-AK9143-GD06_HH72GDSX2_L1_fastp	31.5932	0.908683	5877710737.0	0.405589	95.27910636018487	58.88844627942637
GmA01089_CKDL210018111-1a-AK9143-AK8488_HH72GDSX2_L1_fastp	32.5302	0.902335	4826373567.0	0.343795	97.29508527028193	51.353458881719064
GmA02001_CKDL210018111-1a-AK3911-AK4234_HH72GDSX2_L1_fastp	35.558800000000005	0.923286	868846860.0	0.530888	95.9131118125788	46.99735424951284
GmA02002_CKDL210018111-1a-5UDI225-AK7557_HH72GDSX2_L1_fastp	32.7997	0.921786	1112048902.0	0.4279	95.34985371606136	68.02259311387525
GmA02004_CKDL210018111-1a-5UDI225-AK4236_HH72GDSX2_L1_fastp	35.992000000000004	0.922643	174357391.0	0.509829	80.225006993007	51.832055944055945
GmA02005_CKDL210018111-1a-5UDI225-AK10343_HH72GDSX2_L1_fastp	34.834900000000005	0.925197	471403020.0	0.454393	95.01601550031639	69.66919965430411
GmA02006_CKDL210018111-1a-5UDI225-AK4234_HH72GDSX2_L1_fastp	33.216699999999996	0.92461	440243479.0	0.446961	95.0491716273967	71.89333044204956
GmA02007_CKDL210018111-1a-AK9144-AK8488_HH72GDSX2_L1_fastp	41.5185	0.922876	1215520406.0	0.520979	96.04989858200396	51.244371359217666
GmA02008_CKDL210018111-1a-AK9144-AK10343_HH72GDSX2_L1_fastp	43.5912	0.922174	1518067468.0	0.626443	95.31962729298617	33.91460344703356
GmA02017_CKDL210018111-1a-5UDI225-AK8488_HH72GDSX2_L1_fastp	33.2039	0.926056	374039733.0	0.445142	94.31786782875052	74.59946226554473
GmA02018_CKDL210018111-1a-AK9144-AK7557_HH72GDSX2_L1_fastp	33.6988	0.921445	5030774766.0	0.426927	93.18719830053702	72.69235802377005
GmA02019_CKDL210018111-1a-AK9144-GC06_HH72GDSX2_L1_fastp	37.1324	0.922401	2222787325.0	0.448401	96.02534168994342	68.56190086685542
GmA02020_CKDL210018111-1a-AK9144-AK4234_HH72GDSX2_L1_fastp	37.0295	0.921907	1251285166.0	0.461299	93.59169542378599	63.257253455033926
GmA02021_CKDL210018111-1a-AK9144-GD06_HH72GDSX2_L1_fastp	38.7813	0.922198	2206995182.0	0.506818	92.48615971355024	57.3070001650818
GmA02022_CKDL210018111-1a-5UDI225-GC06_HH72GDSX2_L1_fastp	30.7762	0.926195	1897498005.0	0.41496	94.59587585918695	80.42464661948733
GmA02023_CKDL210018111-1a-AK3911-GC06_HH72GDSX2_L1_fastp	33.9499	0.924103	1288053992.0	0.532988	94.50315780262356	54.48342784687159
GmA02028_CKDL210018111-1a-5UDI245-AK533_HH72GDSX2_L1_fastp	35.7529	0.925954	930901864.0	0.427766	91.09097941211472	58.34691030603205
GmA02030_CKDL210018111-1a-5UDI225-GD06_HH72GDSX2_L1_fastp	33.359100000000005	0.923598	327902408.0	0.456232	90.28927516616567	61.24415075830304
GmA02033_CKDL210018111-1a-AK3911-AK533_HH72GDSX2_L1_fastp	36.808800000000005	0.921544	1853964870.0	0.459161	91.34139916246767	57.45654882873335
GmA02034_CKDL210018111-1a-5UDI245-AK7557_HH72GDSX2_L1_fastp	36.4664	0.927103	1130448253.0	0.444123	94.88488176727193	63.645813025395945
GmA02035_CKDL210018111-1a-5UDI245-AK8488_HH72GDSX2_L1_fastp	34.668	0.927667	2131706665.0	0.426672	96.81430719703484	70.69307021683935
GmA02044_CKDL210018111-1a-AK3911-GD06_HH72GDSX2_L1_fastp	27.7736	0.923618	6861974599.0	0.416147	96.19159182481908	77.0223921817436
GmA02045_CKDL210018111-1a-AK3911-AK7557_HH72GDSX2_L1_fastp	27.6831	0.894636	39203238115.0	0.275607	98.37128905180393	67.52991713369828
GmA02047_CKDL210018111-1a-AK3911-AK4236_HH72GDSX2_L1_fastp	36.6906	0.921054	859801870.0	0.516243	90.1616200966702	48.3718926282196
GmA02049_CKDL210018111-1a-AK9144-AK533_HH72GDSX2_L1_fastp	31.9112	0.893374	64108743683.0	0.281327	98.25571716934849	65.8711034682267
GmA02054_CKDL210018111-1a-5UDI245-GC06_HH72GDSX2_L1_fastp	30.356499999999997	0.928741	6430320407.0	0.408612	96.41220111757171	74.95405267441244
GmA02055_CKDL210018111-1a-AK9144-AK4236_HH72GDSX2_L1_fastp	38.8767	0.92074	666776362.0	0.444337	86.0855290426542	57.84903742770038
GmA02058_CKDL210018111-1a-AK3911-AK8488_HH72GDSX2_L1_fastp	38.3952	0.922079	787399891.0	0.579941	86.05777645782118	35.08026358730327
GmA02059_CKDL210018111-1a-AK3911-AK10343_HH72GDSX2_L1_fastp	37.0765	0.923359	970753583.0	0.526565	95.14638892112679	48.43559329358927
GmA02060_CKDL210018111-1a-5UDI245-AK10343_HH72GDSX2_L1_fastp	35.5073	0.92637	1619453468.0	0.428606	94.1367269315332	63.14999164627538
GmC01002_CKDL210018111-1a-AK3905-7UDI214_HH72GDSX2_L1_fastp	67.5715	0.910986	72715349.0	0.503903	95.59707549125352	11.05386309898148
GmC01005_CKDL210018111-1a-AK9142-7UDI214_HH72GDSX2_L1_fastp	43.8596	0.906893	8519964.0	0.465436	96.51508838759598	14.005118742931968
GmC01006_CKDL210018111-1a-AK8410-7UDI214_HH72GDSX2_L1_fastp	66.6205	0.913194	563071339.0	0.509651	95.96742135245334	10.738430805476334
GmC01008_CKDL210018111-1a-AK7759-7UDI214_HH72GDSX2_L1_fastp	69.8849	0.898346	3637093973.0	0.422519	97.23513730643877	17.950398845732536
GmC01009_CKDL210018111-1a-AK6881-7UDI214_HH72GDSX2_L1_fastp	68.9309	0.912025	766298541.0	0.496869	97.72290132640175	11.492150313109962
GmC01012_CKDL210018111-1a-5UDI312-7UDI214_HH72GDSX2_L1_fastp	32.8947	0.900868	185105.0	0.473763	93.8157894736842	14.210526315789473
GmC01013_CKDL210018111-1a-AK9141-AK4971_HH72GDSX2_L1_fastp	67.471	0.912364	50445435.0	0.490654	97.17770088904749	10.938801052996332
GmC01014_CKDL210018111-1a-AK3905-AK4971_HH72GDSX2_L1_fastp	71.8414	0.910382	2523036876.0	0.4839	98.02941444872584	9.796797656213949
GmC01016_CKDL210018111-1a-5UDI298-AK4971_HH72GDSX2_L1_fastp	69.8412	0.911343	3020594893.0	0.494236	97.34654803565817	9.080622597571422
GmC01017_CKDL210018111-1a-AK9142-AK4971_HH72GDSX2_L1_fastp	69.6277	0.89429	2273678241.0	0.436814	96.63605458888105	16.985905213319164
GmC01018_CKDL210018111-1a-AK8410-AK4971_HH72GDSX2_L1_fastp	65.6914	0.91277	1843285005.0	0.499385	97.27552069690731	11.847068818073213
GmC01021_CKDL210018111-1a-AK6881-AK4971_HH72GDSX2_L1_fastp	34.1281	0.902298	10438704.0	0.477785	96.54438098925564	13.039637982770302
GmC01022_CKDL210018111-1a-AK6260-AK4971_HH72GDSX2_L1_fastp	69.432	0.906807	19884103.0	0.496824	96.75136491836365	9.105493311253138
GmC01026_CKDL210018111-1a-AK3905-AK1864_HH72GDSX2_L1_fastp	68.4689	0.901309	7279133793.0	0.476312	97.80574815692259	16.57871968690404
GmC01028_CKDL210018111-1a-5UDI298-AK1864_HH72GDSX2_L1_fastp	72.6793	0.908665	1550695299.0	0.484709	97.41131844706301	9.492327044275445
GmC01029_CKDL210018111-1a-AK9142-AK1864_HH72GDSX2_L1_fastp	67.75290000000001	0.900914	3877276297.0	0.465186	97.04960798985024	16.194253517538552
GmC01032_CKDL210018111-1a-AK7759-AK1864_HH72GDSX2_L1_fastp	72.9221	0.885179	2171873865.0	0.429863	96.22596294354437	17.854280434627782
GmC01033_CKDL210018111-1a-AK6881-AK1864_HH72GDSX2_L1_fastp	69.2613	0.910671	3348710730.0	0.505803	97.50691572482748	9.376886482524837
GmC01035_CKDL210018111-1a-AK7010-AK1864_HH72GDSX2_L1_fastp	67.3737	0.909411	26908140.0	0.508543	96.66552276366964	10.012010981468771
GmC01036_CKDL210018111-1a-5UDI312-AK1864_HH72GDSX2_L1_fastp	68.0134	0.912173	41832466.0	0.508297	94.5723254783142	9.227168124935487
GmC01037_CKDL210018111-1a-AK9141-AK7558_HH72GDSX2_L1_fastp	66.05959999999999	0.910091	17726060.0	0.500966	95.0733977801647	10.487647690655209
GmC01038_CKDL210018111-1a-AK3905-AK7558_HH72GDSX2_L1_fastp	72.78139999999999	0.910012	3001263789.0	0.488922	97.50246855111632	9.905809171114145
GmC01040_CKDL210018111-1a-5UDI298-AK7558_HH72GDSX2_L1_fastp	45.4101	0.909418	1998054.0	0.490338	97.08575112830432	10.541586073500966
GmC01041_CKDL210018111-1a-AK9142-AK7558_HH72GDSX2_L1_fastp	69.4682	0.901067	4388070056.0	0.449718	97.38332942690452	15.240820150426766
GmC01042_CKDL210018111-1a-AK8410-AK7558_HH72GDSX2_L1_fastp	64.854	0.912166	243467973.0	0.477493	97.31478924081478	13.287847555103873
GmC01045_CKDL210018111-1a-AK6881-AK7558_HH72GDSX2_L1_fastp	73.0625	0.907315	3910533435.0	0.491623	96.80325489429991	10.368354084384276
GmC01047_CKDL210018111-1a-AK7010-AK7558_HH72GDSX2_L1_fastp	64.7277	0.903882	67654580.0	0.4567	94.43552857044527	19.245064973173886
GmC01051_CKDL210018111-1a-AK7761-7UDI308_HH72GDSX2_L1_fastp	49.4149	0.908018	3756750.0	0.479708	97.84539134026295	11.705789220072967
GmC01053_CKDL210018111-1a-AK9142-7UDI308_HH72GDSX2_L1_fastp	66.6381	0.913228	11584767315.0	0.487717	98.30682751519582	10.24382701848063
GmC01054_CKDL210018111-1a-AK8410-7UDI308_HH72GDSX2_L1_fastp	65.1443	0.905496	2150184640.0	0.456722	97.81705336922617	16.02612675487948
GmC01057_CKDL210018111-1a-AK6881-7UDI308_HH72GDSX2_L1_fastp	66.3947	0.895705	2818883751.0	0.446357	97.19017577920015	19.2868578260674
GmC01058_CKDL210018111-1a-AK6260-7UDI308_HH72GDSX2_L1_fastp	66.8325	0.909149	33816799.0	0.478628	96.03634678356798	10.024996011274796
GmC01061_CKDL210018111-1a-AK9141-AK2587_HH72GDSX2_L1_fastp	70.2521	0.907988	266913597.0	0.480566	96.9326518073983	9.239985593969497
GmC01062_CKDL210018111-1a-AK3905-AK2587_HH72GDSX2_L1_fastp	28.3488	0.898685	19089605.0	0.474803	96.61043753294676	13.572746441750134
GmC01066_CKDL210018111-1a-AK8410-AK2587_HH72GDSX2_L1_fastp	67.3425	0.913402	12192000961.0	0.483396	97.6650147749168	10.616070653984194
GmC01068_CKDL210018111-1a-AK7759-AK2587_HH72GDSX2_L1_fastp	66.5748	0.91159	251327320.0	0.494284	97.96590189426954	11.55942296156491
GmC01069_CKDL210018111-1a-AK6881-AK2587_HH72GDSX2_L1_fastp	68.2461	0.901813	16452045468.0	0.467544	97.78875074975268	15.909631142422608
GmC01070_CKDL210018111-1a-AK6260-AK2587_HH72GDSX2_L1_fastp	67.0672	0.909203	29074336.0	0.485203	97.68422377446353	9.976896176631875
GmC01071_CKDL210018111-1a-AK7010-AK2587_HH72GDSX2_L1_fastp	67.4935	0.901922	110601665.0	0.496538	96.4008053136319	16.749130423059295
GmC01072_CKDL210018111-1a-5UDI312-AK2587_HH72GDSX2_L1_fastp	73.1996	0.908974	1230264269.0	0.511374	94.81620572408455	11.901106350921301
GmC01073_CKDL210018111-1a-AK9141-GC12_HH72GDSX2_L1_fastp	72.2086	0.890596	3102720890.0	0.459777	95.477006472183	15.039825372219676
GmC01074_CKDL210018111-1a-AK3905-GC12_HH72GDSX2_L1_fastp	66.0663	0.913103	539073974.0	0.491683	98.01514995467899	11.003241537760914
GmC01075_CKDL210018111-1a-AK7761-GC12_HH72GDSX2_L1_fastp	70.3698	0.910978	2828289245.0	0.492184	98.20634201236452	10.024201186321378
GmC01077_CKDL210018111-1a-AK9142-GC12_HH72GDSX2_L1_fastp	65.9249	0.910187	11650409663.0	0.503271	98.00903766813327	10.435953405771976
GmC01078_CKDL210018111-1a-AK8410-GC12_HH72GDSX2_L1_fastp	65.9691	0.91173	3885798901.0	0.485364	98.13744989073848	10.490684651764205
GmC01080_CKDL210018111-1a-AK7759-GC12_HH72GDSX2_L1_fastp	33.8343	0.903134	8468255.0	0.475394	97.29811048260922	13.208569021542903
GmC01081_CKDL210018111-1a-AK6881-GC12_HH72GDSX2_L1_fastp	64.7597	0.910423	1014761335.0	0.500887	97.47297852279596	11.285247094049868
GmC01082_CKDL210018111-1a-AK6260-GC12_HH72GDSX2_L1_fastp	63.0031	0.904631	2722839.0	0.511307	96.83609472994478	11.23748010858373
GmC01085_CKDL210018111-1a-AK9141-7UDI246_HH72GDSX2_L1_fastp	68.6221	0.912054	576489651.0	0.489387	97.69089062407149	9.983565009392395
GmC01086_CKDL210018111-1a-AK3905-7UDI246_HH72GDSX2_L1_fastp	69.8574	0.912832	5545116032.0	0.494963	98.01914982822885	9.878131699916336
GmC01087_CKDL210018111-1a-AK7761-7UDI246_HH72GDSX2_L1_fastp	70.609	0.903837	1824633771.0	0.47625	97.47986766705199	15.147600957820472
GmC01089_CKDL210018111-1a-AK9142-7UDI246_HH72GDSX2_L1_fastp	70.7811	0.910512	5747449877.0	0.485944	97.9263851882745	8.684684503463739
GmC01090_CKDL210018111-1a-AK8410-7UDI246_HH72GDSX2_L1_fastp	70.10929999999999	0.901734	2581215054.0	0.488922	96.84490911305957	12.126398520518947
GmC01092_CKDL210018111-1a-AK7759-7UDI246_HH72GDSX2_L1_fastp	69.5484	0.912061	3510441108.0	0.48451	97.83733366049596	9.393166495370664
GmC01093_CKDL210018111-1a-AK6881-7UDI246_HH72GDSX2_L1_fastp	32.1526	0.903842	18886339.0	0.478018	97.38579815866903	12.406611435777142
GmC01094_CKDL210018111-1a-AK6260-7UDI246_HH72GDSX2_L1_fastp	67.1416	0.909471	93249200.0	0.505144	97.63900511324995	10.354680988617632
GmC01095_CKDL210018111-1a-AK7010-7UDI246_HH72GDSX2_L1_fastp	69.3708	0.908244	110392540.0	0.489339	96.69642531959063	14.00007284116983
GmC01096_CKDL210018111-1a-5UDI312-7UDI246_HH72GDSX2_L1_fastp	60.101099999999995	0.901791	4413237.0	0.481331	95.80310302489117	17.926107824533986
GmC02001_CKDL210018111-1a-5UDI298-7UDI243_HH72GDSX2_L1_fastp	64.4508	0.913575	278625595.0	0.493139	98.17630556509985	12.72215656586633
GmC02002_CKDL210018111-1a-AK9142-AK33_HH72GDSX2_L1_fastp	61.9831	0.914958	240665032.0	0.483692	98.08034232093242	13.935838852290003
GmC02006_CKDL210018111-1a-AK6260-AK8544_HH72GDSX2_L1_fastp	70.4707	0.905798	11561345.0	0.522739	97.0344195200501	9.718650057030393
GmC02007_CKDL210018111-1a-AK7010-AK892_HH72GDSX2_L1_fastp	31.872899999999998	0.908341	640277.0	0.485405	97.18082964156262	12.867498993153442
GmC02008_CKDL210018111-1a-AK7759-7UDI243_HH72GDSX2_L1_fastp	59.242399999999996	0.902657	11974685.0	0.504829	97.19168670559945	10.266016832703539
GmC02011_CKDL210018111-1a-AK9142-7UDI298_HH72GDSX2_L1_fastp	65.7771	0.917547	4812462899.0	0.485644	98.20948169342967	11.599993004047644
GmC02012_CKDL210018111-1a-AK6260-AK9148_HH72GDSX2_L1_fastp	66.3709	0.908636	16285224.0	0.50025	98.0070076183741	11.972419557041372
GmC02013_CKDL210018111-1a-AK6881-AK9148_HH72GDSX2_L1_fastp	63.5386	0.911976	76631010.0	0.493941	97.51608615275266	10.328113093427827
GmC02014_CKDL210018111-1a-AK9142-AK892_HH72GDSX2_L1_fastp	62.9456	0.916731	132133271.0	0.481875	97.46313257984633	14.515008889453298
GmC02015_CKDL210018111-1a-5UDI312-AK33_HH72GDSX2_L1_fastp	65.96610000000001	0.914123	38909053.0	0.483614	98.14640233853082	13.110151041419396
GmC02016_CKDL210018111-1a-AK9142-AK4997_HH72GDSX2_L1_fastp	28.042	0.904522	4116318.0	0.494587	97.17802088513177	12.170561909497762
GmC02017_CKDL210018111-1a-AK9142-7UDI243_HH72GDSX2_L1_fastp	56.0958	0.911006	45563278.0	0.4942	97.73299748110831	13.297863225894893
GmC02018_CKDL210018111-1a-AK9142-AK9148_HH72GDSX2_L1_fastp	66.542	0.913066	3745367303.0	0.498978	97.75818293703107	10.679711834499068
GmC02019_CKDL210018111-1a-AK7761-AK9148_HH72GDSX2_L1_fastp	68.8686	0.91525	31277652.0	0.484064	98.06233279603015	12.063159849105011
GmC02020_CKDL210018111-1a-AK6881-AK33_HH72GDSX2_L1_fastp	65.9957	0.909578	1214072722.0	0.519588	97.57982212837689	11.288829870688184
GmC02021_CKDL210018111-1a-AK6260-7UDI227_HH72GDSX2_L1_fastp	36.9748	0.90818	66417.0	0.480501	96.89922480620154	13.75968992248062
GmC02022_CKDL210018111-1a-AK3905-7UDI227_HH72GDSX2_L1_fastp	67.9523	0.913574	2902264623.0	0.497818	97.61945717099098	12.28668354294707
GmC02023_CKDL210018111-1a-AK6881-AK4997_HH72GDSX2_L1_fastp	51.501	0.902791	9350089.0	0.519115	96.66430864667791	11.364749415029657
GmC02024_CKDL210018111-1a-AK6260-AK4997_HH72GDSX2_L1_fastp	28.2209	0.906654	42387.0	0.480011	97.02380952380952	19.345238095238095
GmC02025_CKDL210018111-1a-AK7010-7UDI243_HH72GDSX2_L1_fastp	67.7273	0.909794	2245518959.0	0.495312	97.86637871690637	10.36557559686197
GmC02026_CKDL210018111-1a-AK9141-AK4997_HH72GDSX2_L1_fastp	64.7104	0.908671	8115543.0	0.4865	96.25130823633884	10.657765373759158
GmC02027_CKDL210018111-1a-AK7010-AK8544_HH72GDSX2_L1_fastp	69.5909	0.912421	14702919.0	0.508129	97.60408693639972	11.441107887288844
GmC02029_CKDL210018111-1a-5UDI298-AK892_HH72GDSX2_L1_fastp	65.3966	0.915029	12685801.0	0.482533	98.21905238571905	11.800342008675342
GmC02031_CKDL210018111-1a-AK9141-7UDI227_HH72GDSX2_L1_fastp	68.365	0.910907	645162250.0	0.497046	97.48827866066289	10.442891826187495
GmC02033_CKDL210018111-1a-AK6881-7UDI227_HH72GDSX2_L1_fastp	60.9073	0.90806	22190257.0	0.49638	97.45790573703121	10.289317333208087
GmC02034_CKDL210018111-1a-AK8410-7UDI227_HH72GDSX2_L1_fastp	66.1052	0.909125	102044589.0	0.519406	96.89657451373142	9.61339996542994
GmC02035_CKDL210018111-1a-AK6881-AK892_HH72GDSX2_L1_fastp	67.9	0.91501	4012862511.0	0.482122	98.33434806466992	11.369468599761232
GmC02036_CKDL210018111-1a-AK9141-AK9148_HH72GDSX2_L1_fastp	67.098	0.914816	287795669.0	0.501611	97.84709235626062	12.243572718701886
GmC02038_CKDL210018111-1a-AK7759-7UDI227_HH72GDSX2_L1_fastp	66.24	0.905805	53569009.0	0.527978	96.8832667981338	12.256505218604204
GmC02039_CKDL210018111-1a-5UDI312-7UDI243_HH72GDSX2_L1_fastp	66.4277	0.913076	25994320.0	0.495845	94.6617475804163	11.62868075195475
GmC02041_CKDL210018111-1a-AK6881-7UDI243_HH72GDSX2_L1_fastp	52.3013	0.903638	22594039.0	0.511189	96.96194180941332	11.300871266407334
GmC02043_CKDL210018111-1a-5UDI298-AK4997_HH72GDSX2_L1_fastp	63.3251	0.913493	5696774.0	0.496304	98.0719557195572	12.555350553505534
GmC02044_CKDL210018111-1a-AK3905-7UDI243_HH72GDSX2_L1_fastp	66.9177	0.912174	4849721711.0	0.500655	97.99011716169555	12.392440724300505
GmC02048_CKDL210018111-1a-AK7759-AK9148_HH72GDSX2_L1_fastp	65.00540000000001	0.907112	27856305.0	0.523129	96.91882722629565	10.281235806119705
GmC02049_CKDL210018111-1a-AK8410-AK892_HH72GDSX2_L1_fastp	66.45100000000001	0.915521	353889962.0	0.524041	97.36494440665444	10.792282134837878
GmC02050_CKDL210018111-1a-AK3905-AK9148_HH72GDSX2_L1_fastp	68.1673	0.914367	319904524.0	0.49237	97.13693896532976	11.052604120388446
GmC02052_CKDL210018111-1a-AK6881-7UDI298_HH72GDSX2_L1_fastp	66.6816	0.915011	2913799719.0	0.514362	97.63989417641201	10.988077491571662
GmC02054_CKDL210018111-1a-AK3905-AK8544_HH72GDSX2_L1_fastp	55.1759	0.912999	11622443.0	0.493658	97.3022507319908	11.596745714221855
GmC02056_CKDL210018111-1a-AK8410-AK4997_HH72GDSX2_L1_fastp	65.99810000000001	0.909924	3324246131.0	0.518611	97.18106050264906	10.848886099399852
GmC02057_CKDL210018111-1a-AK7010-7UDI227_HH72GDSX2_L1_fastp	32.475500000000004	0.905903	456338.0	0.493741	97.34912577552171	13.367174280879865
GmC02059_CKDL210018111-1a-AK8410-AK8544_HH72GDSX2_L1_fastp	69.7653	0.914512	2987649256.0	0.515929	97.44376914039505	10.510776016784625
GmC02063_CKDL210018111-1a-AK6881-AK8544_HH72GDSX2_L1_fastp	69.5201	0.913446	2530001499.0	0.514042	97.86668805720062	10.950336652182456
GmC02064_CKDL210018111-1a-AK6260-7UDI298_HH72GDSX2_L1_fastp	65.4479	0.907567	1605090.0	0.534381	97.13592233009709	10.331715210355986
GmC02066_CKDL210018111-1a-AK3905-AK4997_HH72GDSX2_L1_fastp	52.222199999999994	0.909771	6738003.0	0.502621	97.61638877122724	12.00854865416458
GmC02068_CKDL210018111-1a-AK7759-AK8544_HH72GDSX2_L1_fastp	67.9064	0.910554	48528182.0	0.530139	97.42308125472614	12.187136321951272
GmC02069_CKDL210018111-1a-AK8410-7UDI298_HH72GDSX2_L1_fastp	62.200900000000004	0.917347	54753729.0	0.492968	95.38892003033543	10.202408934821214
GmC02072_CKDL210018111-1a-AK8410-AK9148_HH72GDSX2_L1_fastp	64.401	0.91772	2833925481.0	0.497787	97.92424626593129	16.21577462298758
GmC02075_CKDL210018111-1a-AK9142-7UDI227_HH72GDSX2_L1_fastp	33.2277	0.907205	5539817.0	0.485157	97.27521700784477	12.772130158288075
GmC02077_CKDL210018111-1a-AK7761-7UDI298_HH72GDSX2_L1_fastp	65.3224	0.916374	13058465.0	0.495189	97.75081980405174	13.719395658559156
GmC02080_CKDL210018111-1a-AK9141-AK8544_HH72GDSX2_L1_fastp	36.1746	0.906681	961466.0	0.486905	95.80382900603199	13.375295043273013
GmC02082_CKDL210018111-1a-AK3905-AK892_HH72GDSX2_L1_fastp	67.26769999999999	0.914063	117918364.0	0.490867	97.61064560759868	11.719806613086263
GmC02083_CKDL210018111-1a-AK3905-AK33_HH72GDSX2_L1_fastp	67.6015	0.913709	2687620725.0	0.484816	98.16451141227064	12.544941200164528
GmC02086_CKDL210018111-1a-AK7759-AK33_HH72GDSX2_L1_fastp	68.1825	0.910132	4221735188.0	0.504258	98.00755664891685	11.723151851176327
GmC02087_CKDL210018111-1a-AK8410-AK33_HH72GDSX2_L1_fastp	66.0312	0.913393	4227653392.0	0.490849	97.89943232981916	12.11829809512718
GmC02092_CKDL210018111-1a-AK9141-AK892_HH72GDSX2_L1_fastp	68.2503	0.915459	66096646.0	0.491521	97.73687939310477	11.832228174776912
GmC02095_CKDL210018111-1a-AK7761-7UDI227_HH72GDSX2_L1_fastp	69.6495	0.911746	148111764.0	0.490154	96.47102720307983	11.917780513235392
